10
1 1 1 1 1 2 2 5 6 6
2 10
2 1
6 5
1 1 1 1 1 3 3 3 4 5
2 10
4 2
6 5
1 1 1 1 1 1 1 1 1 1
2 1
2 1
3 2
10 10 10 10 10 20 20 45 45 50
3 170
20 6
50 40
100 90
1 1 1 1 2 2 2 5 7 7
2 10
2 1
6 5
4 9 21 21 31 46 71 82 88 92
20 20
18 7
6 5
6 4
6 6
1 1
20 18
7 3
17 9
1 1
7 5
9 1
13 1
17 3
2 1
10 9
9 2
16 8
13 9
17 10
20 12
5 12 16 37 48 55 80 80 81 89
100 50
10 1
44 32
25 16
51 41
17 14
48 15
59 28
41 14
1 1
6 6
41 7
9 7
12 9
11 2
3 3
58 47
9 8
1 1
1 1
28 12
15 11
55 52
24 13
22 12
43 40
3 3
22 22
34 14
58 57
9 4
53 50
49 35
18 14
22 12
19 8
51 44
6 1
18 4
31 16
39 20
52 15
7 3
10 1
60 49
60 56
57 4
56 24
40 6
16 2
18 1
13 5
50 14
20 14
60 8
57 14
30 22
40 2
59 42
20 12
51 50
35 17
52 2
12 6
50 20
4 2
60 22
7 6
24 18
54 21
50 11
3 3
57 3
56 32
12 7
58 21
38 19
39 37
54 39
34 27
26 16
58 35
54 2
53 26
28 2
35 17
50 34
48 37
6 4
41 16
26 26
5 1
54 22
5 4
30 11
3 2
19 13
44 34
52 49
59 8
9 3
1 2 3 4 5 6 7 8 9 10
3000 3000
452 380
190 38
2544 2060
1328 410
2540 42
2813 2536
2419 1554
1703 711
2709 2703
2629 1860
2469 1694
2829 79
870 706
1190 598
2543 1337
607 536
629 493
1222 741
1352 603
751 451
916 778
1216 1123
2955 798
807 515
253 25
1757 1051
2808 2709
425 109
2590 1253
696 261
1431 695
834 297
1870 1007
2824 2560
1271 980
1860 1613
1173 1167
1738 15
2654 3
1475 162
106 62
857 692
2248 2211
2448 1453
1131 142
1360 809
174 162
1213 623
2530 1138
2548 120
584 165
1438 530
1080 686
2538 1328
665 217
993 402
10 5
1397 765
1522 1187
2860 1561
2709 759
1744 1065
82 26
1877 1244
2664 1271
2490 347
613 597
1102 851
2381 1070
2136 1589
552 349
57 19
1872 1179
1755 528
1555 32
808 502
76 35
2751 1996
2623 627
1692 297
509 469
953 610
729 698
844 396
1681 1677
2520 1325
2389 81
936 99
1934 1132
943 242
887 423
283 173
1783 562
649 2
2232 1937
2622 922
2148 1618
906 669
389 250
1963 1850
1826 1181
2452 1581
2050 1497
2678 964
1180 889
901 98
1261 610
1761 992
671 159
1960 331
1861 490
2009 556
460 173
2704 252
2090 136
536 395
250 138
774 760
1591 1232
2091 1507
934 597
1143 725
1208 418
460 196
2360 2213
2954 2297
315 212
2061 982
955 725
924 346
1827 446
191 88
2912 1108
2543 2111
200 90
1677 1487
2179 1055
1402 1102
2412 1811
2192 167
1877 293
2846 603
1317 51
214 70
2004 1695
2861 2587
979 130
1336 716
2057 2028
338 25
1650 326
24 18
2785 1755
2789 178
1349 621
521 159
1343 50
2672 806
1116 328
244 118
658 377
1746 1746
1732 257
317 38
1004 944
934 616
406 254
156 17
545 170
729 185
1423 441
1185 334
2386 1651
1546 718
440 107
1279 1228
2829 2246
2298 1099
1563 104
1091 848
1307 1086
1028 575
1808 1727
1236 213
2270 884
1144 291
449 321
1157 833
2173 1649
2532 261
438 249
1168 242
2160 957
612 168
2421 1381
2506 2323
1964 515
2174 193
1892 697
1137 66
2262 818
1325 318
241 79
2485 2470
401 145
529 349
2590 941
1821 181
277 28
956 471
93 6
2406 149
2728 397
1737 499
277 28
2308 2181
1052 827
1304 1006
2755 2460
2084 1905
2440 1988
1110 635
972 54
229 161
514 497
1609 922
2234 2223
1628 954
2682 1625
2681 1607
406 304
174 60
933 267
1485 1341
2480 59
1977 1311
2021 594
365 122
2582 2383
62 54
2732 512
2581 615
2554 964
1813 910
2888 674
1785 647
527 449
2089 2053
2449 1289
520 52
966 146
2291 1505
1603 832
1178 783
2429 1242
483 8
2164 463
1865 532
584 2
461 433
1566 417
121 67
1634 283
1102 763
2820 925
910 611
2334 2178
485 178
691 382
1104 477
1373 1298
2289 976
2953 2382
608 310
2788 971
2619 1986
678 520
2206 974
1464 366
1701 1518
1961 608
1394 838
2530 895
879 623
2211 490
2721 432
1485 1051
627 557
1925 111
378 21
18 5
1024 988
596 317
2543 617
2315 1266
1127 1086
686 186
2255 2233
580 70
839 794
280 128
2295 1267
2801 1522
785 119
1941 167
2140 1307
997 979
2987 966
1022 860
1293 248
2936 726
2255 438
628 529
644 142
2855 879
2643 711
232 147
2625 2159
1494 384
1234 1140
1609 974
2245 979
2106 1111
1817 1093
499 154
880 355
311 298
2384 1979
1925 121
1090 1047
475 84
52 23
1028 193
1529 795
1187 775
977 427
2291 2211
645 389
2795 642
254 94
1525 551
1495 515
256 99
1466 1376
1812 1394
2412 529
52 44
622 392
270 57
840 516
2769 2519
939 917
159 82
1729 1386
2821 1285
1694 1298
2730 1925
1376 578
996 988
1919 1707
994 158
1229 747
729 512
823 423
197 45
552 318
884 372
96 86
2642 2178
1839 1620
2184 1718
7 2
2164 1024
1625 927
2137 1163
2793 1712
695 669
434 119
923 758
1799 877
2042 1394
1175 766
2078 542
450 244
1067 99
1411 1110
2785 451
2891 2502
1705 1513
2343 1516
1890 1671
2393 669
2587 574
1676 1582
1929 595
1820 168
1456 990
1941 753
2438 1736
2481 698
1379 14
1083 739
2497 1461
1715 104
2465 752
612 154
2001 120
571 204
496 47
2615 872
2991 2991
2069 435
2369 438
450 52
1631 267
1662 1393
1283 1045
2056 132
2370 1302
2767 2707
709 669
114 94
795 390
2079 1802
1461 1191
1013 581
1323 146
2572 490
2090 2036
449 90
2254 1560
2635 1352
255 243
2179 2079
234 64
1853 500
743 33
877 456
630 242
1639 751
1878 884
516 224
2843 353
2882 48
1666 1268
114 93
1087 710
918 394
2828 1913
132 78
272 16
2694 1206
1765 29
660 618
2326 480
411 120
492 130
1415 1374
1855 661
630 368
773 445
543 28
439 186
779 527
523 302
851 293
921 506
1302 517
1061 502
1098 200
1189 820
1824 1160
643 42
2995 1640
92 50
28 20
1635 606
799 388
2058 1391
2733 960
2618 633
1474 982
1844 204
2242 1556
2986 2730
173 92
2455 443
1601 1439
2493 1570
2826 1705
2325 958
1513 271
1815 1602
1235 58
452 57
2607 1468
868 256
1879 1425
2568 1860
2852 531
1454 899
1758 71
1079 690
1258 560
116 17
1667 1436
2870 2108
257 218
2093 1474
2519 160
2269 948
342 228
137 13
2645 2613
2312 1717
1209 497
2403 458
1369 21
1690 1001
2441 214
1659 521
2362 285
2027 712
951 754
1469 1268
1925 629
216 10
2384 1304
1574 863
758 549
486 409
997 962
498 393
864 337
568 115
2920 1079
2924 2212
970 562
1150 233
481 422
2583 127
2241 702
2674 579
672 398
2551 2405
2754 273
2583 2270
260 246
1734 1186
1449 448
2145 1519
357 25
2683 1659
1782 49
2034 1793
581 45
2590 1458
1600 722
899 669
1850 641
182 160
1033 214
1666 318
1990 370
2431 1501
2565 939
812 296
1855 34
664 618
1060 677
235 200
1299 1243
1155 710
1931 649
567 8
2123 386
2366 208
1636 344
815 194
629 411
888 532
107 8
1317 606
1473 367
335 222
1580 395
768 38
1413 706
1782 700
462 95
1561 1376
1150 552
2210 1775
1887 432
1578 70
1795 892
393 173
2141 517
2672 2406
2969 2400
136 105
962 118
2940 1763
728 55
47 46
1028 87
1188 65
2576 869
489 376
311 295
2603 2402
2439 1855
672 114
1433 464
2144 1985
2208 925
31 2
1852 1823
1624 1220
436 243
1355 861
1041 164
1260 48
184 6
2518 169
2051 1490
1171 5
2448 2033
1151 854
1854 894
2847 1682
2362 2107
524 136
2082 1167
763 493
2145 576
328 319
156 107
667 117
295 147
513 267
1489 96
2173 2012
2304 634
334 138
2247 758
300 264
1291 971
1088 183
92 7
15 12
1969 987
2973 2965
3000 2049
2571 525
835 438
2950 1335
15 5
2129 1002
969 31
2165 355
1939 565
998 354
2531 539
2059 1489
2071 424
1562 1250
1379 1294
2354 1024
1421 975
1391 958
2829 2046
687 182
1016 398
2340 744
388 126
1140 945
2268 619
1632 1279
2709 2594
2035 909
2367 1634
2623 1409
161 111
2270 352
1122 607
1307 750
2673 2247
1249 251
1745 712
1459 10
1248 346
1745 1347
2372 1769
1986 1899
657 393
112 74
2891 47
1954 24
308 63
1344 98
1853 417
1371 1123
1572 53
989 29
1071 657
158 118
1290 775
137 43
651 369
644 109
1432 1250
2501 559
267 222
119 70
149 11
754 75
2031 59
1809 941
522 101
1791 122
2762 2262
1709 829
2468 630
15 15
1047 602
659 36
2526 1136
76 19
1989 525
1354 262
1700 533
571 510
2169 1861
2532 1692
897 223
2858 2318
1225 917
1342 261
1440 101
1838 1024
1589 917
166 7
1648 1632
1009 555
1509 151
971 636
2517 2131
60 27
1247 927
2435 1524
2431 1410
1500 853
2043 1526
2279 1601
1001 600
1242 1191
2469 252
939 617
2957 2169
778 760
2267 207
2583 1962
1833 1220
2083 691
231 47
2471 2210
817 148
1047 821
2515 1421
2947 650
1522 217
1299 924
2054 1932
1687 491
353 333
1307 182
1298 464
2565 454
1571 1151
2769 918
2389 490
825 528
1169 557
517 90
1130 914
1176 797
2077 1869
2415 1815
1078 771
1381 1186
2728 1638
204 20
306 114
254 128
1465 415
608 450
2312 2276
1875 575
1178 66
645 532
1874 280
873 608
1501 1353
1251 1014
1713 1465
361 6
611 15
2039 1004
520 272
2514 1738
130 128
1844 341
1299 739
2562 437
2895 1339
1266 820
382 96
1294 1083
2885 805
13 2
2214 1308
1922 785
1576 1478
2447 766
360 304
1126 642
2768 527
2979 1005
1269 1168
832 466
1387 859
2436 1307
979 735
1008 849
2071 529
1468 503
204 54
2645 1413
2006 705
1085 552
974 439
1761 536
2734 1806
468 360
262 132
891 1
520 431
2185 1014
1735 1025
1405 781
2176 855
113 33
2045 70
1830 1072
717 695
1437 267
1231 1152
434 313
2855 1206
2111 169
546 464
2694 1355
1329 356
1071 952
2243 2125
250 235
1180 675
2954 1988
1186 1149
1271 183
1824 381
636 630
2340 355
2064 1699
2498 1020
2911 1007
1090 334
1292 1127
481 270
1250 609
1656 1113
703 370
911 269
2265 181
2288 137
514 389
292 207
1186 616
2764 2156
244 168
642 184
1821 429
1597 641
2253 1343
1903 95
1244 681
946 409
1132 1115
505 259
38 36
1478 366
2510 1565
2060 501
2545 2232
686 319
2293 1263
689 59
484 354
1631 643
1195 681
960 558
2092 131
2545 1410
681 492
2971 230
2769 2720
2575 702
1780 10
499 28
1482 603
2355 1873
2129 1666
2730 685
177 97
1370 1274
1823 944
1968 465
2194 2009
1982 1584
824 785
2516 1432
2306 816
1081 284
510 232
827 19
2408 1047
1578 1190
2706 2600
1689 329
2181 937
528 498
2743 1400
784 233
2804 759
1085 923
1057 113
1678 1633
2361 2213
2710 842
1619 785
1921 30
2136 65
335 317
1774 1167
1940 356
595 113
650 116
772 743
2888 1848
2811 1474
878 649
352 73
2668 857
199 146
2452 542
2794 2111
1742 438
2327 1726
2500 826
334 141
568 269
1605 814
1679 615
1669 871
802 730
2019 1826
1957 371
2283 33
1111 21
1850 1601
2659 1322
2763 623
558 191
1540 935
1563 940
2238 1859
1571 850
2742 1241
1189 505
426 351
2977 1860
2081 1507
1457 435
1548 1179
1177 284
1748 728
313 231
1399 271
906 117
1149 1001
2672 1640
2678 1566
1692 1129
215 48
2316 1439
1864 592
1344 38
2388 2277
1546 1362
749 354
1708 262
86 67
943 536
2310 1138
2753 1030
1849 850
814 787
2186 1488
2974 2549
778 9
1325 1137
1152 843
510 332
1625 205
1609 1215
2365 534
927 276
1382 1061
2428 1207
1717 1559
1060 84
2412 911
1074 381
1163 898
2903 2609
2317 1602
1608 577
2494 814
651 530
1841 926
1161 1137
142 24
899 467
2786 2562
1137 544
2940 162
157 76
675 393
1428 1355
2061 1334
1413 1280
1670 587
170 68
2703 2520
1349 871
472 340
1045 813
2324 233
2863 947
1116 337
1620 1475
2930 1498
2189 2093
1903 1637
1389 676
547 385
1045 147
434 284
2417 2092
1884 1489
2137 1303
83 44
822 385
1411 131
2734 1753
922 289
2136 651
1933 1717
23 6
702 157
1593 420
2505 894
470 166
2971 311
721 217
2490 1160
1736 529
639 216
2121 2082
2774 1693
609 370
2335 814
1263 139
2793 1875
2660 39
1222 1124
1318 923
1523 195
1999 1856
2342 1134
1364 741
770 378
429 106
962 167
2080 488
2384 973
2118 514
429 204
2095 463
1853 1480
1563 915
1003 150
214 94
1120 504
2071 165
1306 818
1320 56
2161 2032
1742 1702
2104 610
665 589
382 39
549 328
2608 888
1002 26
220 51
1367 1181
2757 1112
99 38
1009 779
2605 1332
2233 1812
2515 2093
509 179
1919 1154
2819 1266
445 275
2751 2009
191 3
2101 105
268 99
855 838
1104 76
926 834
1708 963
134 10
1772 575
2651 1308
2543 1452
2523 1611
1958 1405
2309 146
2326 1384
1035 42
1566 837
1198 982
48 6
374 261
2546 620
1111 188
1906 811
1862 336
988 236
1814 617
2324 2299
290 148
264 248
1896 349
2383 1574
1067 175
737 416
1652 480
1273 679
2815 2131
2401 281
473 265
604 364
1640 1366
315 278
1425 59
594 475
2636 2634
1820 955
1695 188
708 671
1268 1160
1911 424
1845 905
859 705
1710 1304
1344 873
167 116
2628 549
173 92
2362 980
1622 1215
1662 38
632 124
1141 900
2496 840
1204 384
2920 2728
1639 973
936 537
1622 1169
1332 199
958 245
1436 1379
2087 1994
1532 167
2453 1583
2056 1350
2394 2157
2785 393
2399 407
2642 894
1905 1856
4 3
82 65
1822 1200
144 128
276 39
65 53
2437 898
1394 1159
2814 2398
1791 1122
2173 2136
1591 1254
599 426
1997 936
2995 2829
458 51
872 299
2674 494
2761 2256
2124 2026
639 519
643 166
2523 1583
1562 903
1963 1654
369 369
458 209
2119 2093
2985 2123
2537 2380
2641 2487
827 738
2906 165
2488 466
1688 745
581 427
2011 1517
2318 201
2225 1272
1560 714
2539 430
1309 981
582 359
2303 481
1002 981
1173 282
1730 1405
1142 623
379 354
1641 1141
410 293
434 420
887 532
2344 395
840 416
2757 529
2364 801
176 101
2485 948
840 681
1199 877
1530 1053
706 238
590 375
450 120
1938 641
2476 1784
783 14
2256 1899
2481 829
2544 1461
1080 24
2000 748
873 467
1608 1083
2604 1816
1253 592
416 195
2108 1366
2247 1082
1900 43
853 596
1868 1723
1298 734
1802 826
2614 2327
2448 992
2595 131
1907 358
2838 2138
386 222
2871 1379
1427 1035
2325 1116
1992 848
2815 1151
2665 2245
2228 746
513 20
1134 332
814 417
1629 474
1488 745
2204 100
1430 311
2162 1909
557 518
1639 1151
901 715
2440 2107
2249 2241
2104 1017
1797 1265
555 432
1128 1070
1787 1028
1265 245
1220 679
1088 1031
697 75
337 83
2533 92
2894 978
1685 241
480 351
2350 895
852 182
2169 1797
2355 1909
1746 664
2749 588
898 595
1643 880
1781 1657
774 566
1144 778
596 549
2891 507
1576 1045
2436 921
1650 1398
213 150
308 225
980 113
1430 52
1997 1354
2355 1670
1553 499
112 109
1926 71
1651 1099
512 329
1745 958
372 244
1052 46
2093 121
1749 86
738 242
2153 1647
953 185
717 436
2257 528
2850 550
1114 899
1320 1062
129 59
2943 1439
1185 885
1217 15
33 20
680 283
1982 1454
1743 512
220 57
2095 2000
438 436
2618 240
1780 1476
1170 187
1001 393
543 37
2738 860
116 70
910 151
2364 1420
1304 871
2263 503
1535 27
1392 1275
771 411
2613 1207
581 559
301 143
1912 975
250 75
1994 1300
285 24
1343 302
1468 721
2854 464
2750 2035
840 61
1395 587
1378 279
2503 1113
1242 780
1854 165
2580 1510
2833 510
1301 1212
1605 793
2763 1140
961 764
548 451
2027 89
1803 1088
709 74
2464 2066
1551 236
1007 199
2667 787
1325 122
1854 1372
2894 2685
2942 850
2856 232
1838 934
1139 174
1921 1458
734 171
1021 126
2480 1822
186 60
1748 274
2788 1263
2196 1846
1629 181
1811 667
1643 369
154 80
837 57
2153 224
2550 962
598 502
1578 112
1007 828
1898 1360
2225 956
1319 994
1254 520
1787 828
2150 1761
2781 2034
331 70
1984 1484
1898 1727
624 68
2343 452
786 362
980 329
2182 2092
2864 2507
508 22
1188 908
2927 1822
2931 472
1414 1208
2554 1132
1305 47
2878 1413
107 57
397 321
2372 1632
16 14
2571 1798
1452 53
968 748
688 250
2825 1726
1631 856
247 49
2374 1670
1768 1222
2276 2234
2990 1226
2866 2231
1740 1268
333 232
2729 2274
2401 1586
1328 333
652 411
2535 2156
1733 384
215 10
2675 1254
2227 1517
435 280
2146 1291
857 308
2623 203
1487 387
195 11
2218 1927
1537 696
2048 569
2869 2026
2979 2833
1207 739
1107 520
2138 1888
550 484
1296 480
1971 1316
786 140
2288 1854
277 205
1027 288
2476 162
220 179
2775 597
329 317
1221 1059
1761 284
2724 2622
2318 1262
1274 1005
621 621
1849 1007
1422 1113
2405 2160
2247 1372
694 4
826 436
2956 1375
1706 1039
802 101
1446 767
2365 2001
1638 94
2943 1449
1988 670
270 268
1955 1715
968 291
1050 78
1294 1036
355 284
508 350
2934 1078
2454 732
310 72
2968 1926
1558 455
389 343
2716 2707
2829 1170
1343 1110
40 39
2450 1535
2910 1268
228 117
389 290
1009 258
555 535
821 588
2424 779
1603 1545
2745 302
780 595
2103 96
2793 1607
1618 1597
1669 969
283 67
2827 1073
691 216
2277 1610
2230 1300
849 34
130 44
2705 1438
857 169
600 498
2614 1060
1148 531
1466 1366
207 37
1463 1127
578 234
2047 1401
248 10
2829 280
674 510
83 32
615 357
996 862
1618 197
950 761
1234 106
2101 1673
543 274
872 35
42 15
1819 1332
982 467
563 63
334 208
1922 145
1456 84
1861 882
883 831
1344 220
1816 982
632 413
817 124
73 15
2457 1166
488 117
2732 100
1642 532
1556 1065
1847 1804
525 46
1538 619
2385 2205
669 92
644 113
1749 1349
1386 784
1984 1009
880 458
763 578
536 75
855 491
1141 743
11 10
2293 1319
2598 1845
1384 1041
670 211
368 91
722 33
854 292
2786 2696
1227 349
2948 1494
296 155
1792 508
2388 1652
619 94
818 16
2554 1204
1669 581
422 42
1675 431
2811 1733
1726 64
2337 2096
2450 1097
1440 169
2567 1651
2428 1368
198 21
2979 1471
1189 431
702 84
1264 49
2196 145
2260 271
1100 128
1682 528
582 360
1068 50
50 6
647 528
598 581
2748 1541
1318 1078
620 543
1687 329
1980 1337
762 637
143 77
199 14
1132 704
874 359
868 307
2506 149
1898 151
1344 1068
583 176
2712 651
130 100
555 382
1924 1772
2269 181
1989 1141
2792 1872
112 19
811 593
1548 1250
641 561
1308 949
2854 1937
1874 1325
2788 2050
2893 1396
2515 157
383 161
385 155
1935 802
941 365
1609 1384
1410 328
1197 393
1782 972
1897 106
1236 585
394 309
85 72
2248 527
24 17
886 475
701 643
2777 2754
577 454
1923 18
331 146
1438 1004
74 59
1845 1101
1810 857
907 727
1624 72
2161 2110
2170 1474
51 40
834 1
1485 89
851 842
1739 420
1165 888
2124 913
2645 1131
1839 1417
2902 2883
2626 714
1521 1036
2157 1249
2497 415
446 298
1537 1331
547 407
772 350
252 228
1775 391
1841 424
1200 623
1675 1556
375 136
268 8
2056 1209
1163 1155
2279 863
357 58
1929 1507
1461 661
832 262
941 429
17 8
204 156
2173 562
399 194
723 240
1359 708
1397 586
2665 1804
972 611
291 56
2464 2362
1616 823
602 479
23 16
2736 2600
2835 944
2065 194
2819 613
1046 804
1190 627
201 58
628 310
1038 36
712 609
2107 1564
1076 442
495 230
2231 1940
596 280
964 72
652 520
80 53
1285 190
787 656
2024 331
1530 610
1029 194
2776 2505
1033 770
695 634
1403 473
2635 271
2779 164
1300 201
344 8
2036 349
692 595
792 757
2202 1204
897 233
999 157
2042 2026
1837 47
577 365
2944 725
549 230
490 286
2476 1807
202 133
1216 120
632 247
2873 2379
2613 1565
2539 664
2034 345
1104 120
1884 99
1135 248
2373 107
2652 1190
1266 977
2448 1981
1689 954
1669 834
140 37
1201 322
1968 612
284 102
2426 652
2528 991
638 626
3 2
12 12
1394 57
409 206
466 77
100 20
164 38
2073 1835
2555 112
1401 424
2187 929
1759 1317
407 389
840 273
2813 1836
1741 53
2319 1817
1549 245
617 370
2658 1502
2007 1089
506 19
2542 2519
2576 1093
576 80
760 124
1399 664
2123 268
2791 2645
1385 977
1817 204
109 24
1008 120
794 214
2524 158
2494 2031
1681 401
313 95
204 180
10 8
264 143
708 551
608 215
590 145
321 205
1782 1306
1555 1386
2361 525
727 459
1013 603
2017 1669
1004 777
2172 954
788 144
1937 866
5 4
2525 2370
2490 959
1591 577
256 245
2502 381
332 182
2084 636
1968 470
1942 562
270 52
2065 1278
1802 1756
1156 1024
1557 1348
2058 469
2576 1656
1187 876
1817 721
1813 1186
424 226
2335 2085
1432 183
2606 418
2012 969
1972 368
922 147
171 148
1489 294
401 64
2561 565
1790 1414
457 9
1424 1053
2548 1863
1893 768
951 769
580 458
1707 1342
42 28
1323 1060
2749 1382
461 460
1876 1782
1462 911
1493 513
1390 210
615 393
976 211
2094 1135
239 129
1219 609
2993 1391
644 621
2626 1818
701 174
1868 844
2817 2634
1659 752
1102 848
28 4
426 63
2445 802
1719 831
1534 954
482 19
75 72
2046 770
2673 1885
1725 1343
1487 372
1079 949
1755 312
2322 1752
1648 1427
2557 2018
2985 802
1713 1409
2862 662
2837 355
353 244
562 499
995 68
677 607
993 322
1661 1639
1865 1521
1264 327
2993 1280
1866 304
456 224
1135 645
1805 1554
1073 567
1487 155
1674 922
2309 1203
2216 937
1181 453
950 904
2131 1585
1442 907
2424 281
755 543
909 601
278 125
352 235
243 79
1238 207
1454 555
1812 89
2634 1811
1843 1529
566 123
2034 781
1797 4
1246 158
1439 850
549 248
2003 920
2124 589
449 3
924 732
530 297
323 190
834 576
775 497
1078 223
2567 1253
2704 2606
822 344
2985 977
1711 1251
2249 1994
423 346
1573 729
1541 916
2956 113
157 1
1983 627
1448 477
2361 1393
1267 83
1612 646
2571 1487
182 106
2024 1715
803 781
2474 13
553 552
2093 1335
2157 782
2422 1700
1994 351
233 167
1096 680
111 91
1150 157
1998 1520
2978 1337
626 198
1366 814
2344 66
1604 1159
1881 1563
1982 961
10 6
2983 2853
2451 940
2183 142
1112 1029
1017 892
545 228
151 147
2993 1117
435 210
1633 1536
1658 688
2982 760
592 214
2316 416
2287 1664
2166 539
1664 1318
1522 1097
368 102
2653 385
966 25
1625 1448
597 142
337 78
2476 472
162 67
765 748
1767 1200
287 56
1747 1481
2261 19
2808 2338
1040 290
2320 1158
1964 1646
548 534
398 125
2321 2127
2166 1144
2672 248
2167 1270
1633 84
1252 517
309 204
2088 1347
864 698
1273 440
553 398
1013 22
334 320
953 771
1715 1152
158 18
161 126
2061 1985
2340 1278
2253 1366
926 643
1125 836
1796 1071
2574 2226
2224 854
949 242
266 59
1297 655
1183 376
1378 825
1996 208
840 169
1780 677
2316 249
2334 1857
2682 240
132 95
118 11
2971 1730
837 398
1937 1825
1184 46
2167 2020
578 52
1263 967
432 236
2332 1202
2006 325
2272 1544
314 172
427 104
1933 1640
23 8
214 153
945 586
2507 2075
1472 688
1968 498
37 35
2250 1496
515 262
1147 425
1632 607
2463 192
1133 772
759 73
2216 1317
2655 1369
1529 1514
1118 748
1361 339
899 744
224 49
1667 176
295 220
40 11
2696 1279
2519 2303
2022 1558
2679 2219
1737 827
1720 169
369 224
2380 1398
2390 1391
413 297
367 84
332 133
2094 382
1400 1390
263 194
1274 547
1890 26
2926 2478
1804 11
1691 1598
270 268
1627 373
2762 13
1041 992
1353 955
41 26
1644 1262
2400 1727
768 614
983 233
392 6
2212 1021
1687 428
2457 149
2999 757
2805 1536
145 88
1780 1167
1706 69
2892 1524
1949 1665
1954 1220
107 41
1576 1081
227 210
2576 1519
607 489
510 118
1269 1076
2936 2036
2465 809
1100 34
2363 286
1963 309
2115 407
956 610
2685 240
530 452
2183 1741
973 885
1931 210
1300 1074
179 58
2836 190
2480 244
675 626
1465 1118
924 827
2403 2176
210 90
1689 87
1204 147
1437 1093
1459 1014
1953 1084
286 221
996 538
2622 45
2399 2268
2926 130
13 1
2508 1744
993 132
2030 1770
807 390
1585 1187
2950 999
2280 1139
1371 572
2708 601
613 327
1477 357
2103 1856
1810 1253
355 141
2947 955
154 9
181 90
1519 1154
21 11
644 520
1140 64
434 420
1348 160
1023 748
2943 2142
2990 489
2640 1639
1245 521
1813 895
2932 2520
612 97
2454 458
2663 1054
410 54
1558 901
1538 120
2488 1704
1986 572
1338 1050
2801 854
1017 397
278 74
883 859
2557 347
2867 900
2143 927
1216 81
1138 715
1662 1021
467 438
1311 1206
2863 915
2197 1879
1702 702
2028 976
1245 846
5 4
1186 976
325 155
21 9
668 586
2063 2047
2101 178
734 81
2574 74
2854 1089
136 57
2240 2166
1617 277
1262 1146
394 155
2437 1096
2825 1564
2100 1311
2717 410
1951 310
2343 2061
2317 1487
2193 1990
1171 245
872 422
271 240
2259 1160
2254 725
1345 662
163 21
1429 843
137 74
1587 915
1272 657
1490 1200
2903 2131
2251 217
2940 1085
2873 2084
1531 676
465 163
2950 634
701 543
2389 2186
1736 1494
558 172
1304 1257
533 322
534 99
850 236
2582 2545
2906 1864
2244 1820
784 53
945 808
377 280
1308 1152
2085 795
1326 847
2128 1208
1514 658
1589 1180
1346 308
2308 1203
2295 586
2601 116
1349 1206
1437 757
2774 1712
1393 834
37 7
409 198
1468 1335
2961 1197
137 72
639 282
553 128
554 394
2490 2341
1564 1361
2268 878
829 669
1089 966
1217 251
1627 1274
1206 969
1953 834
514 114
2056 1685
2679 914
1580 764
1310 1221
2714 1154
1563 986
1081 519
2952 2414
1485 746
545 388
613 542
621 352
334 9
573 281
234 63
518 252
1238 1214
312 245
472 197
2541 1962
617 291
177 82
835 808
2966 2617
1277 1074
1865 1395
54 6
1213 1137
399 186
159 72
567 227
2643 305
77 77
2519 1787
1801 82
1280 1104
2850 1825
1480 418
2836 234
2181 1293
1494 1319
1520 487
1143 360
2380 519
726 414
1036 287
1758 1559
43 4
1657 1134
946 895
1390 1144
1623 264
653 455
2715 944
775 295
1073 465
512 427
1513 620
1580 820
2751 1804
1270 213
2484 1572
151 129
177 125
38 17
1821 1663
1395 1338
2831 1764
862 263
1406 415
1167 1089
1605 592
1923 98
1234 461
662 442
1860 115
2078 864
482 357
2873 12
939 3
153 98
2627 938
999 485
1465 642
566 228
1298 1049
2993 2257
1637 1186
680 515
164 37
680 357
2227 603
905 30
2528 356
2738 40
1797 1566
1969 1424
2218 758
285 199
891 745
2073 314
1330 817
264 189
1451 1411
1472 1278
1217 901
218 30
1394 546
2150 1059
1754 596
1389 829
1251 1151
2383 1113
930 772
1128 208
428 53
2127 2007
592 557
719 85
1520 865
2078 2072
2000 275
1982 61
657 179
214 60
1775 607
542 288
325 281
1767 37
1560 1108
1221 221
2392 155
111 98
2043 993
128 84
1050 976
1114 149
2425 1028
652 149
296 157
521 110
341 253
2935 654
1254 799
791 31
1078 660
2730 940
1159 381
2944 2628
451 163
1037 845
787 187
2817 770
1660 1291
2384 892
2904 1683
2416 1346
1450 741
2444 545
110 78
2058 1217
2373 1529
2666 1534
1250 1042
352 297
257 60
2971 1358
1207 757
1336 1161
2082 830
1620 1574
1207 443
1050 307
2406 1819
540 434
2403 2256
327 63
306 306
2543 360
2308 1207
2269 311
1022 913
332 262
918 350
1796 339
1633 861
109 104
2195 1898
2054 420
2421 1696
2986 1601
412 125
1917 260
2091 1125
955 818
2845 2659
1188 296
655 200
2906 836
567 330
1470 509
356 175
214 109
2228 1011
2416 31
368 226
2672 1133
2656 65
1216 91
151 112
764 518
2951 1567
456 219
1370 372
1452 519
908 161
1174 542
2606 357
2665 370
1188 563
868 568
856 539
1118 810
2303 1167
698 430
2190 1802
650 296
2143 940
1240 832
2523 1153
1564 190
649 206
1891 739
1873 891
1394 20
749 685
1365 256
2816 2606
2666 1668
2675 2293
1613 1029
2726 1607
644 368
300 182
2497 1628
2413 419
618 200
425 366
1609 1444
1139 788
641 532
758 616
2013 535
222 10
226 69
48 7
975 743
864 28
2308 902
1983 1238
730 28
1777 537
2486 541
2644 315
750 414
1436 1169
1971 1355
2314 157
2097 983
1482 414
471 468
2350 443
2986 2353
1045 699
2035 429
1424 999
2841 519
2350 903
1988 1166
1226 413
17 17
1658 679
369 179
40 29
880 592
39 37
2834 1471
2851 2146
2920 855
63 24
949 760
126 67
1105 18
1110 1087
259 199
2642 1334
2650 184
2289 1501
2726 1458
795 118
2237 923
1603 1232
2524 387
1544 124
554 180
2576 2352
265 160
1728 1311
2673 1373
2082 1731
2851 201
2961 518
1235 31
227 197
2301 1042
24 14
2109 210
609 66
1658 1578
753 92
2162 519
2122 1411
1501 1218
2530 1503
2544 2473
2001 1449
2336 1330
231 67
1190 1123
572 171
1954 964
2411 305
1992 1486
1143 869
1599 866
1707 1386
2040 847
764 121
2793 2623
2787 2295
154 137
1990 1544
743 373
1356 367
940 222
2473 1163
2111 525
1835 1237
1830 690
836 709
1765 984
1460 1088
233 136
530 84
2951 1669
2211 127
1065 679
1761 1414
52 6
1455 1348
1215 505
1762 1161
1591 936
1120 64
712 704
740 242
1172 129
312 88
882 521
2863 607
606 193
2712 1
553 123
2700 1917
2403 1220
1582 803
153 16
1018 252
915 338
2010 654
996 712
1395 974
1859 763
1055 170
484 241
1330 223
2489 1779
713 68
131 116
2862 1125
595 473
1630 1465
1084 341
1094 592
592 513
1958 288
1713 1493
1305 238
968 266
2868 2599
1707 211
390 109
1751 479
1601 1273
2064 1223
2546 626
1964 617
1372 641
1610 450
1828 1254
2195 1639
1260 52
2076 132
2537 2305
1715 970
1255 687
1400 630
38 32
2751 1119
1515 823
1388 343
1216 328
39 39
2817 1976
1240 738
1678 844
1872 149
2371 118
2606 1058
109 11
1936 932
1432 1416
2661 1390
849 830
1147 741
380 213
2647 99
993 92
2391 698
955 763
2524 935
1178 642
1726 1146
1740 1085
2842 350
481 26
431 43
2333 1694
1697 1179
2253 1657
2749 1543
169 96
825 689
2895 1445
1287 814
1710 813
1720 576
1463 867
963 870
1710 1168
992 271
1378 187
320 220
940 280
2928 655
2774 2597
2286 804
2546 322
1367 990
2585 1828
58 5
2681 736
1593 998
768 603
928 570
2903 962
1421 160
2418 758
975 610
393 223
1481 466
2063 1717
2633 1721
2263 2131
1741 113
267 127
606 331
2338 1554
2505 759
1733 21
2275 184
2605 1153
522 423
857 826
1706 310
2523 1067
1281 260
454 36
2113 1473
1428 1186
2145 1614
396 140
246 201
2940 1444
1564 1508
2454 1521
583 210
2892 754
246 21
331 208
2648 74
172 25
2402 1089
2031 953
1022 606
1407 1302
2308 478
2123 717
2489 1470
2622 1794
2493 2360
879 282
2986 597
242 134
2149 1304
896 485
1432 958
2654 2046
2263 566
2325 187
1641 715
2644 2111
2124 848
802 746
678 598
510 82
375 38
267 72
2060 1019
1571 448
2740 2261
1937 1705
2142 1011
1056 142
579 91
455 51
363 337
1987 345
1863 1542
1648 1302
1824 444
1524 1000
1994 1500
829 549
651 513
2103 1954
1186 845
1854 172
514 209
2571 1373
2067 1278
87 18
1372 522
1457 986
1727 1518
882 732
229 68
1882 1863
2587 413
329 223
72 11
6426 10832 16052 21283 32351 35276 61987 63935 65479 80080
3000 3000
877 87
1058 861
2691 586
774 400
2609 1387
108 67
655 110
2193 1857
2413 571
635 366
2963 973
1845 941
960 690
771 358
2221 204
207 136
1500 1401
453 402
1550 1242
1860 1802
2556 1537
654 43
1087 682
1435 1298
2197 1803
2273 638
114 3
2181 2134
1367 936
2110 203
1951 1907
2123 992
1121 636
488 328
2805 560
318 141
2207 194
2584 927
71 10
1399 876
170 39
1078 594
263 226
1261 1168
1958 493
891 5
893 583
1285 98
2762 1251
1599 251
400 308
895 3
704 44
1443 1140
876 831
1617 1188
1235 1054
2247 195
2250 1166
1243 913
1835 459
2473 281
391 282
2359 211
1453 296
1091 324
716 691
1950 124
1431 914
1928 668
863 453
2579 1281
718 601
2505 1235
353 173
1703 896
2636 1166
1840 1243
1132 720
2402 1214
1746 278
2129 272
353 86
375 39
460 402
1058 149
1670 1222
1296 203
637 635
994 409
2583 368
1819 461
930 718
1657 573
1430 561
239 4
1054 120
142 16
1453 456
1528 262
2519 731
858 490
748 501
1780 422
116 37
581 15
542 291
927 926
971 696
2619 772
304 149
1700 1348
506 310
246 62
355 291
551 98
1877 1870
1532 513
1391 149
2047 1803
2275 2000
2146 1728
311 171
706 677
1995 692
2780 2680
270 140
2711 351
2307 1844
1075 869
716 413
2979 1105
1144 106
538 168
1435 1118
2274 1810
1372 445
1499 318
138 22
137 136
461 333
1874 1191
916 864
1773 996
1859 1790
521 389
581 561
596 452
1432 616
1117 997
1246 398
1907 428
926 644
934 718
1685 1238
1425 254
904 412
164 54
212 88
2646 2431
2631 2127
2018 667
2629 2284
186 58
2647 493
950 689
821 529
671 24
136 53
1268 159
2636 142
2018 1825
1324 911
657 481
2766 694
708 602
1765 501
2694 555
990 453
868 671
2051 852
1638 408
1720 323
2707 1599
1477 573
283 276
744 397
2742 234
2876 206
2872 1763
2453 1680
1821 1515
2459 1169
1760 1311
1108 63
2590 1444
1593 1211
1325 694
2562 1551
1238 1073
2876 1558
1926 1445
584 325
13 9
2129 2028
1397 443
1950 1948
1847 1307
2333 266
1387 323
167 106
1185 455
1124 228
2082 526
1282 267
1318 960
1875 1042
1036 907
152 37
2621 896
529 57
229 213
1563 1561
2391 339
2513 1774
2110 444
2590 1446
1466 940
2878 622
1105 562
95 39
682 482
1429 1301
139 90
1937 1243
1561 693
315 57
1794 324
1227 496
2255 1271
2232 767
2528 123
1644 1225
1673 1173
1486 957
2519 702
1746 973
1888 1172
2773 2001
296 204
1708 988
1600 947
455 356
2257 2220
2012 1997
2071 401
2020 1668
885 878
1769 794
2833 2099
1111 709
1587 26
950 195
2067 1475
691 33
2190 674
2244 588
1431 932
1922 748
2359 1834
306 208
1002 341
1605 581
822 161
1632 613
1014 834
270 152
1786 413
73 11
885 46
2360 692
2311 329
2347 1142
121 45
2291 916
1503 1372
1287 160
2604 1031
2140 1179
2711 1512
91 74
2836 727
1248 125
326 163
2748 1572
376 106
361 124
2639 1746
2452 249
2030 1608
583 355
2870 2173
1858 875
1521 397
1578 418
2926 1184
60 8
1953 1900
561 457
2864 2492
29 21
1458 1223
2559 1817
816 671
1119 545
2596 407
1179 954
484 259
131 54
66 31
1750 465
2833 585
301 145
959 839
202 198
1291 1074
2444 1430
2971 667
1552 680
2278 1658
16 8
1561 592
2154 1292
1754 195
320 49
374 174
2334 1993
1918 536
1284 918
967 404
94 45
2484 1083
2720 449
10 2
411 152
724 26
2588 1182
1615 940
489 423
341 317
446 140
2988 1546
586 259
1312 940
54 16
1749 409
837 766
540 392
1738 1366
993 299
2576 733
21 9
1859 1786
2364 1128
139 131
2867 1267
2066 1686
2863 1198
2823 946
728 117
2942 821
1095 537
1665 150
1371 1139
2703 1688
525 446
1788 427
1405 988
2347 785
915 391
1941 1494
1212 86
447 142
247 224
745 575
2780 1778
2758 1201
2724 777
533 472
788 387
1860 1561
1574 1367
1624 766
65 52
2630 891
1380 564
1438 592
2527 1374
225 143
1074 878
411 272
1967 220
231 167
1351 895
2051 1420
441 122
2385 1873
2091 978
603 141
19 13
1881 785
2994 910
669 383
2222 196
1075 631
307 93
1632 49
138 70
1708 1535
2003 259
105 95
361 276
1827 464
1097 378
1411 614
2128 1566
1353 315
2267 1193
821 752
1137 241
2074 2013
2372 805
2626 1237
2571 1186
499 327
1861 172
1011 97
23 22
434 277
926 114
556 168
1359 541
2667 1812
314 166
2934 1072
2322 115
2809 2205
879 119
1928 1605
1439 1123
1228 76
141 71
1420 1306
1857 1119
640 421
1736 276
852 433
922 142
794 77
1115 556
1832 1261
1527 462
714 554
2871 1888
1898 595
121 77
635 524
2313 307
757 186
756 267
2306 2144
452 286
859 300
2795 1810
2033 147
1341 85
777 674
1564 883
1264 470
1569 652
327 321
986 460
2945 330
1136 1096
742 689
399 385
389 294
2138 1060
1143 728
11 1
2548 1092
1020 690
2114 1612
2342 1912
1728 136
213 163
1641 291
2076 366
2486 715
2362 1698
349 244
2662 2204
1745 1544
2812 363
1517 772
481 79
905 593
1211 947
746 661
2889 1664
1825 1648
494 430
393 359
2798 1310
2744 2407
2419 2322
1018 887
1210 877
2900 1917
658 245
1628 1589
1469 863
2921 2009
2723 1003
219 118
2282 2242
1552 756
969 558
155 116
1956 64
2957 2505
961 252
2618 1708
910 891
2835 2130
1259 189
516 359
1738 106
460 198
1273 891
1860 227
1144 356
2133 2099
506 167
2521 1313
145 103
2350 2084
2705 1183
1523 807
2472 1689
2932 297
930 256
2028 1462
2366 1219
2631 876
2433 647
2760 919
152 139
713 177
620 532
2598 1076
1607 98
312 283
1126 867
507 417
1 1
2515 1007
1680 1548
1107 160
2223 122
2503 19
79 14
2738 2457
1119 1071
2432 1392
1856 848
586 447
2066 1185
2040 1971
759 168
2831 1435
705 152
727 501
1078 775
412 136
2141 1293
1359 187
2738 1869
2351 1164
2738 2014
2595 1551
721 716
485 237
789 235
414 21
1536 1310
390 383
2866 1004
1316 1131
2796 690
705 75
1261 455
1372 1145
460 334
2177 2052
1146 788
2010 1552
1477 371
2059 1313
399 95
2954 1061
1346 486
64 30
2766 1320
864 509
2501 1746
775 457
826 488
1079 965
2083 898
237 145
2435 1489
1683 775
53 40
2519 931
71 33
1691 941
1040 622
2667 1904
2837 2636
2705 817
2010 1995
1404 90
827 608
1443 1319
1723 1663
56 46
2935 1602
1405 730
700 400
1796 145
1676 1446
2914 2772
1354 201
205 131
1088 913
1372 160
401 190
1166 395
1813 706
1278 99
1169 898
1023 499
2460 2245
1793 521
207 56
1548 266
1861 279
2079 1163
2620 2500
2476 1034
668 62
2582 1087
782 446
65 64
2944 469
1430 527
403 218
2776 1567
784 95
1913 742
1595 568
2542 88
2068 259
289 13
755 58
2959 2348
897 805
2806 59
2964 1069
2575 2400
2503 992
392 59
524 406
1679 915
1363 1232
953 100
1276 100
793 395
1434 977
2298 1232
2662 287
2705 1558
1330 652
391 391
1265 907
2935 1719
2667 2045
2583 841
357 148
2236 276
19 15
513 202
2553 2453
2613 1688
571 163
2882 381
1595 1530
2115 1620
1233 970
2018 1757
426 398
769 42
589 563
1082 325
391 98
2826 2442
2949 1576
571 515
1181 466
462 314
1248 852
998 420
2024 1868
1521 37
1823 1112
1428 900
776 752
1442 786
781 470
741 98
2938 2890
2503 2209
2541 634
1417 799
1718 881
78 74
1300 210
2595 815
1112 701
295 166
875 790
2042 760
792 792
1654 687
2045 345
1085 893
1033 580
2437 2002
982 513
1646 683
1588 807
1148 843
2239 1808
345 202
1908 1521
1788 1632
25 12
1408 1067
1585 226
1380 1218
2615 360
449 289
611 82
2136 1030
2025 1301
694 110
2378 352
2589 180
1670 1287
2575 1561
1513 832
2982 2353
1211 254
1552 98
2917 2699
363 2
2202 342
1943 901
1753 1000
1173 493
582 141
1015 372
1475 34
1915 964
2738 883
987 229
365 207
842 768
1626 1460
2890 162
1473 212
362 209
95 55
758 211
443 223
2767 547
2359 2240
584 68
2699 588
1863 1554
2162 1485
322 317
2764 392
471 333
2376 1991
425 252
1710 633
2187 255
2928 421
1125 403
140 4
2306 966
1190 624
2082 1513
2515 14
237 217
1672 827
1569 774
875 346
2984 267
605 284
1197 767
441 321
200 134
398 113
2119 1672
42 15
191 152
401 139
2151 941
1221 343
1384 1005
1495 977
2360 856
1577 1573
41 33
2639 2027
140 91
1295 1043
2238 1479
2128 1068
597 134
2107 1273
969 810
1714 257
1645 1077
1729 1276
1140 29
245 189
643 536
2041 783
1035 584
2445 614
2744 120
2014 1372
2724 1371
2123 162
1422 625
1628 503
1076 202
1721 563
1693 1266
2405 2391
2988 330
1749 499
1234 878
506 220
1368 356
973 582
1916 994
487 253
2240 2070
1020 216
2359 731
539 248
1780 284
809 436
1192 992
1651 930
2841 2767
2228 1742
1283 328
1270 922
11 11
1771 1768
1726 590
2865 129
2594 875
296 123
2032 990
1953 400
105 96
672 633
2406 404
294 267
119 114
1102 915
990 860
2324 802
2113 853
1845 434
2883 2334
2929 1384
1561 256
2178 1506
2589 671
2657 1399
2381 2065
909 247
548 506
415 298
905 607
1775 1478
2425 1043
2844 273
879 826
1950 482
1120 294
784 744
923 95
1631 1339
2396 215
2457 1932
2902 2813
1998 303
1884 922
2440 543
2037 1156
822 62
1077 541
1499 1087
1212 202
1311 873
734 255
2128 957
1300 579
1054 942
1030 175
2731 1289
1309 497
1457 144
1256 1100
2012 166
479 380
1311 653
233 160
1714 803
1630 86
673 183
861 185
1057 757
2013 1873
1248 834
2919 1585
2601 1835
2275 927
2187 1254
2752 1998
603 66
1407 193
1844 838
2994 1984
1511 1197
2622 491
2148 452
2036 1937
573 266
2081 1697
118 99
77 63
332 176
1531 900
2524 1434
335 121
729 519
2591 17
1425 1391
1550 303
458 240
1707 34
1759 1398
987 800
1057 946
2114 1326
2897 2323
605 475
989 200
2383 1960
1969 746
1635 132
2215 68
204 135
1648 722
83 27
325 28
2695 2695
23 21
2967 1305
2744 2589
2817 1848
191 67
550 456
2904 2053
264 96
2271 1933
963 819
1780 702
1647 1346
2803 2100
2376 1326
2548 1438
1707 25
209 52
974 903
838 202
21 16
427 58
646 586
1062 136
2568 1624
2527 709
300 4
1427 424
1536 803
2897 65
31 10
1110 164
2689 2646
108 99
2005 1647
925 142
689 396
494 419
722 632
2939 380
1362 637
826 398
1453 640
1551 224
119 112
2788 1730
1660 543
2179 1652
139 50
2792 2205
2719 1640
2107 882
1400 1143
1512 1273
1675 1604
2412 2379
2824 197
423 199
2694 1625
1242 835
361 210
2068 2026
1868 633
1459 1373
982 731
1893 868
2518 793
672 478
2103 1875
1784 1292
708 54
38 12
2172 2044
1026 782
2442 1445
2696 2405
1136 146
272 47
2999 1782
136 31
2765 1358
2785 294
1042 151
961 143
2801 1482
1103 686
6 6
92 54
1500 1392
1849 1391
1406 991
1421 801
1507 945
2856 540
2490 1930
2130 942
307 249
1328 456
586 265
2773 1800
1120 644
2766 1141
919 721
2426 60
2256 40
2393 871
1432 184
342 181
549 423
1149 241
2276 366
2415 1419
2166 1112
2496 1124
1333 642
576 254
979 643
424 153
217 31
2491 883
2874 1316
800 175
2870 443
495 470
484 336
356 25
2798 2052
124 45
2186 1850
1273 1030
1693 526
1053 236
503 277
1942 768
1137 962
570 198
2871 1861
1192 1140
310 231
995 166
35 13
2909 824
241 41
1994 158
11 1
771 205
1655 1512
2468 191
2670 456
1806 486
1881 919
2195 1474
1071 315
488 225
366 49
693 293
2321 2259
1587 87
1090 126
1161 415
34 22
1498 1172
2149 1277
563 469
1928 1855
2283 1934
1811 1185
1967 1330
2947 1760
2791 2365
225 34
2686 2579
2643 2385
490 345
256 163
505 254
1122 487
1419 1286
1276 818
2512 591
1646 827
2534 1909
1691 1420
2236 1691
533 435
2337 1120
2101 669
985 786
1720 82
2248 1182
2331 1290
1320 1090
1614 1105
1240 744
2273 1685
1350 357
464 285
2869 1767
88 25
1570 974
76 10
1426 475
910 215
925 549
2775 2432
17 5
1254 497
1725 987
64 10
2963 51
1098 932
398 176
1515 1042
1671 258
1268 391
2830 2683
2575 2247
918 233
2106 450
1066 933
1069 986
998 586
248 130
2998 634
1912 1455
2478 1786
1654 17
1981 744
1994 692
2222 1838
1323 325
1261 53
2523 1306
1853 528
2542 541
95 92
1341 1241
1877 1475
488 389
2677 272
579 495
2358 1586
2980 743
591 151
718 365
2252 347
2163 466
879 265
2722 2524
2376 986
1441 1019
2186 1599
432 302
2704 84
2541 1229
1167 861
1933 170
863 716
238 37
1568 1375
884 795
991 220
864 195
2258 736
2331 949
1299 216
1949 1574
1557 294
1680 466
2068 378
1853 318
1612 1308
912 177
390 53
1023 525
2196 1732
2774 465
2200 2157
9 2
1551 745
2811 1280
1965 1448
134 47
2135 393
1948 457
2820 1670
2048 1502
1232 249
107 21
887 691
1932 1463
1267 478
1878 1669
1704 581
1813 32
1012 86
2718 499
1358 525
1887 1171
2496 950
771 335
2677 661
2890 957
1737 1490
778 119
2643 925
312 262
2651 159
1994 827
2910 855
618 209
171 91
2104 2095
2723 805
1662 47
1019 113
637 120
207 44
1468 408
984 655
2584 1576
2175 347
936 62
1633 313
2786 1149
2824 803
1876 1365
1096 967
1059 432
1349 151
1377 1087
557 164
1523 1073
2796 535
678 302
2884 136
843 217
2789 2272
381 211
2886 2340
1081 776
1631 700
2370 1734
628 465
1623 864
715 2
2334 1710
1969 1310
903 322
126 41
2171 2150
777 312
1319 1169
2358 1027
2362 1437
2604 418
2074 469
799 498
2771 2270
1324 984
604 357
2472 2382
1754 335
232 55
2173 1368
1460 1231
1882 1296
2571 576
1042 70
1963 587
1639 1363
2134 1243
660 377
1914 1178
910 448
2657 1076
146 79
2304 735
1763 578
2398 281
2697 993
903 776
2144 1452
2083 1335
50 31
2767 2161
2115 654
1968 1548
791 423
517 46
2713 183
1882 489
2734 460
2793 2451
1959 1705
2617 1450
1889 1095
1603 844
316 108
284 138
1809 718
2239 920
1415 350
1982 1323
922 316
259 20
1329 567
499 324
2594 468
2214 264
2677 443
2489 2486
1061 219
2276 835
958 937
1309 782
2601 144
895 731
2934 1878
2053 1720
332 312
2449 1360
1831 512
49 42
909 103
757 325
2546 1780
2129 1379
890 330
2554 1123
400 96
2170 2170
1974 1543
2917 95
2472 2335
770 545
2342 2321
1422 700
676 530
2072 669
2512 229
2431 1120
538 299
263 179
2465 1786
108 16
773 454
2610 1271
1021 560
845 144
38 6
344 188
2941 582
1288 1247
1571 33
269 127
2850 2726
1143 316
2892 2595
1736 310
1333 559
2305 1501
482 274
2037 255
711 617
490 285
2671 1358
2050 582
974 750
1839 828
686 46
2454 268
2185 262
2636 1669
1676 1133
766 571
2156 621
2044 1008
2653 1275
346 231
529 255
21 20
2660 2199
1562 300
227 105
961 60
1683 943
368 146
778 8
320 15
3000 2655
170 104
2050 891
1288 25
2585 1107
1082 426
793 685
2788 1286
1346 1140
361 167
918 588
2262 1717
427 208
2122 918
345 335
854 606
1799 100
1113 425
2064 1703
442 220
1592 1314
2099 1183
2777 1151
2093 88
1475 275
484 17
1450 764
206 53
2693 1087
2239 1537
2229 611
2251 621
1218 225
1174 1140
915 141
274 141
1029 66
2712 1776
1875 1262
528 122
2983 2213
1828 1758
488 205
1264 898
815 84
1207 695
2754 986
500 8
404 181
2983 1476
2375 1095
2971 1885
1356 454
85 12
1498 39
245 153
2071 373
565 253
1205 777
2981 757
647 13
1186 24
2763 576
1821 304
2421 2172
2007 24
639 128
796 241
751 590
2320 1735
994 156
1781 1480
2898 672
2289 1932
1562 138
646 535
1608 502
1982 42
1437 251
2988 2873
852 223
2362 1734
1199 1147
535 414
1345 221
2589 1045
1701 443
1593 1049
1197 1029
1769 1256
1179 637
650 189
769 331
2721 1751
94 19
890 487
1219 697
2664 915
2414 148
885 124
1037 912
656 452
1446 1346
2151 1242
2088 2085
2170 392
733 96
1511 485
2512 1015
22 11
2542 1362
2568 888
56 22
109 7
2265 1719
2234 722
2129 1649
1264 1157
1329 1320
636 20
2135 1631
2494 1013
93 29
2668 2036
596 152
909 477
1776 849
2318 194
1677 581
310 277
182 49
1391 336
2906 1370
1996 1908
1846 825
2100 1402
2561 3
2611 2438
1716 1075
1507 147
94 51
2006 1884
858 762
1970 23
773 268
2508 16
2912 997
773 345
13 10
2597 2446
2623 2568
2480 2255
2169 911
2538 1961
2376 1896
701 238
1352 658
228 97
2430 931
223 134
809 438
1980 1067
327 150
322 186
1931 1748
2560 1810
1070 780
1696 71
2360 246
2408 833
2939 2171
947 683
1768 1461
1922 128
1566 1073
2217 779
2320 1292
1093 741
2415 892
981 295
1763 850
1017 403
917 640
1181 258
2863 1783
206 160
227 75
122 100
1832 155
2359 2152
2799 1566
1023 971
507 230
1923 1558
2134 1660
2582 1625
1847 1345
2123 923
1544 953
2678 2476
2031 10
2258 1901
2031 1408
2418 2062
2316 1531
1136 316
2941 994
1748 847
86 25
239 178
13 7
2002 1836
2516 2120
1555 653
1091 39
272 215
1172 806
2925 1309
2311 748
2407 673
615 489
2592 1443
265 251
302 47
1007 111
598 103
1522 1405
664 580
205 105
2119 160
1747 484
653 391
2209 2207
821 756
2585 1121
2867 1650
2211 1949
1936 1098
72 54
123 14
382 125
898 384
1770 1397
2798 2311
1045 987
2225 1037
1720 670
2216 333
171 91
520 142
315 61
1010 407
355 245
2329 1776
1870 794
1478 1422
1361 274
293 257
1728 103
44 12
2565 509
1738 816
1798 490
839 510
198 50
1026 251
2080 1947
1707 936
2675 1554
1391 535
2827 2193
1775 1719
844 838
1510 513
772 533
2484 895
527 168
1987 1206
376 284
2669 264
1346 358
794 383
1876 1380
2752 2367
2256 1000
1317 40
2037 849
1444 836
2119 225
2216 1963
1281 828
910 507
1126 685
1039 505
1060 632
2131 1333
485 327
94 58
526 160
1589 654
2617 1757
98 49
2269 7
1773 144
1566 989
1834 1438
2742 2000
2670 2121
2699 741
1594 127
2473 1811
2223 347
2984 1058
2090 1981
2270 648
670 100
1375 1049
1105 860
2484 2281
2288 1360
26 22
1104 417
831 55
192 3
2120 1067
2731 526
899 610
599 228
2333 2269
885 630
2804 2
1909 889
1680 1392
2874 2209
2446 1576
991 709
1466 483
389 78
108 93
2324 334
48 3
28 13
951 502
1893 906
2726 2269
1525 1013
1492 475
192 127
2980 1275
193 181
2117 1782
2090 855
1149 398
304 34
2042 267
5 3
535 341
2532 1846
800 302
2476 2448
1516 1432
2340 1977
2193 1559
2354 995
137 84
2866 2634
2186 386
2029 1813
775 12
2589 1330
2690 875
389 25
350 278
1359 603
935 108
891 505
2891 148
2792 130
2958 1691
2882 2754
2989 2677
975 545
1895 790
854 101
926 835
208 17
2032 1598
2077 93
787 40
2122 367
655 581
440 5
2883 728
2193 1491
1546 1366
2911 1854
1446 230
3 2
898 183
2680 1104
443 403
2347 278
2352 718
265 35
71 60
2509 1586
2716 785
733 477
538 228
2652 1208
1684 574
2291 1193
2835 128
1354 889
1436 436
390 73
740 177
277 231
2244 769
2220 383
229 35
1857 776
2177 1505
2305 2135
26 1
1287 853
1187 682
559 387
2187 1591
1770 621
1997 1594
1214 593
285 64
494 145
1525 1504
978 50
2259 115
2369 2145
2104 720
1774 635
1909 1175
675 335
2360 1472
11 2
1800 492
1790 1015
2443 1017
1987 1397
2395 442
556 63
1028 486
1303 895
585 196
1270 628
1226 156
799 195
2786 663
425 425
2945 746
344 153
2707 1855
1166 1103
1336 6
2007 464
1503 1283
1833 801
847 73
261 181
1513 783
1609 678
794 501
794 203
1052 334
705 592
2540 1638
2756 533
2210 194
2824 1030
2221 222
2205 358
1659 839
256 88
644 487
178 114
2639 1410
125 104
615 330
2362 684
1792 809
938 336
1201 94
1769 594
436 378
547 217
2191 2
2612 1563
2482 1182
672 616
2422 460
242 55
1010 35
1543 1141
2026 1273
1165 168
642 227
436 242
1741 771
775 124
1114 332
2611 363
2028 715
971 336
2333 351
1132 238
2512 34
182 71
970 134
2949 1914
734 254
1001 108
81 64
876 329
2303 2031
168 64
1292 975
597 301
2923 550
869 50
80 35
1602 681
2989 268
1538 1253
2716 1627
176 48
1905 613
841 77
1513 308
2966 1334
2153 590
310 172
8 5
1903 1136
1435 518
802 43
1685 1012
1892 261
63 57
2152 552
1949 1066
696 296
1740 1244
2038 1401
1352 255
1184 235
736 364
1586 1440
2421 1411
1452 1206
2266 843
2068 2052
2325 2029
409 68
94 83
327 157
1568 378
1838 1275
338 34
2674 1438
571 291
1160 287
474 284
2377 1766
274 250
2490 1337
540 349
2994 142
82 67
1417 1051
170 169
188 118
813 313
1338 245
2964 2001
2217 743
2229 385
1208 494
90 64
377 112
212 19
21 10
242 76
1832 1717
790 614
2563 2283
58 5
1683 1236
2501 186
1440 1140
119 39
1896 628
2577 1063
3 2
867 198
2127 1376
2250 799
619 505
2769 1605
86 35
2874 2423
523 145
2967 1536
1386 806
838 147
1574 459
971 807
1549 1023
70 58
705 298
1157 374
550 262
110 25
812 628
1841 979
1225 1149
1527 751
2928 421
2347 811
1515 1053
2334 4
1060 61
2428 661
1302 624
726 193
2820 931
313 9
854 426
1179 1153
1075 156
976 930
2954 1274
1343 528
1 1
1245 703
2170 254
2665 172
946 96
1862 164
2123 1183
1907 1387
204 12
227 50
2500 1662
2777 1710
1807 603
1066 1040
594 348
2316 1185
725 76
1177 430
845 760
37 3
2504 1364
2810 47
2024 198
1208 858
1441 453
586 307
1686 1469
1124 286
585 12
1650 1203
598 76
1183 1173
851 388
2479 802
2906 1055
680 601
1570 240
2647 2043
637 513
170 54
977 859
2489 355
1679 1490
2811 1179
2867 2023
981 38
2662 1133
262 250
684 520
1369 184
2079 1971
1989 405
2177 479
2185 843
1289 1125
2386 1876
2879 2726
2603 1564
2111 795
2768 727
2158 522
2754 2272
2084 495
2026 1974
976 440
2784 2153
687 332
2542 1326
2998 494
603 147
2735 1855
2372 1100
2673 367
1783 1692
157 96
1503 1341
2671 2371
2521 2001
2549 1774
802 778
987 207
2663 1544
944 263
529 268
16 15
2686 28
36 18
2118 1653
1246 813
818 758
2706 81
2565 616
636 554
1064 411
1316 1122
1706 1669
1673 371
990 36
1628 947
904 196
519 193
1189 1152
1960 1813
2920 832
426 241
846 831
2431 283
573 267
2844 379
2872 647
1760 142
1783 1737
1115 847
1301 135
2253 317
2842 1458
1558 1277
2996 685
921 413
2626 428
652 142
1115 398
740 195
528 339
1124 937
2546 1602
2435 142
1835 1013
299 251
1322 1085
2477 2032
622 140
1550 103
714 513
1411 1108
228 162
68 66
2594 2016
134 134
2203 129
2176 1264
116 23
1772 535
745 59
952 87
914 862
874 702
1098 564
1576 1404
126 101
406 340
1107 621
1986 1212
421 204
2293 603
2334 207
386 287
2512 635
1436 144
360 312
529 295
1569 42
2545 2190
2791 2653
1203 830
206 88
1069 429
1091 86
280 75
1915 1274
854 151
1464 538
1311 850
699 3
5 3
763 620
954 147
2487 320
2853 412
1307 388
1732 1538
2367 357
1887 332
2290 1251
2242 980
489 49
359 350
1976 1218
1746 485
2490 1625
2997 2587
209 20
2146 241
2852 2321
822 668
1810 95
437 37
329 50
161 19
499 152
1430 764
2861 2139
2809 1616
1315 434
1634 618
1444 634
874 241
2527 194
2518 724
2739 2489
1898 885
1447 157
1631 1085
500 85
2807 2101
2039 2018
615 242
2951 426
537 79
2975 47
572 364
1087 92
2938 123
752 285
2552 20
1929 239
992 673
1529 1101
539 410
1736 1197
2391 453
1342 1158
1506 886
1124 38
1692 746
2276 1053
351 43
2061 1156
2556 1984
1502 76
1275 215
426 364
1900 1061
1611 749
1048 369
2000 1977
2591 1905
603 371
787 626
2243 283
1204 563
257 122
1015 262
2503 676
1279 551
2732 1221
1108 1036
706 617
1934 1845
1150 1055
1616 190
967 25
1254 200
1887 1230
2429 1573
872 412
1139 588
930 690
902 148
729 271
1759 1151
2823 2370
844 101
2166 855
325 220
2801 688
514 434
156 52
789 592
1099 1071
2082 1622
320 109
990 699
2760 1108
2005 717
761 57
396 27
1196 617
907 630
1977 1082
2829 2635
923 868
1333 600
1929 565
1957 1283
2500 1969
2485 854
1126 900
2106 1966
386 199
717 680
1647 799
2410 1298
2293 191
166 109
235 100
971 82
1794 1005
2975 2010
2299 1661
1342 70
1882 326
231 215
2587 512
2455 1631
1001 753
606 211
132 54
1448 343
1450 807
1375 216
603 410
2923 367
751 460
2005 1004
2047 480
2150 160
2862 1840
2897 722
2480 1745
124 14
550 522
528 312
1200 767
1417 74
1155 129
1684 970
996 831
417 167
22 22
592 69
939 183
769 72
2675 691
2519 1759
2414 140
421 103
2796 2404
1569 748
1656 1288
2331 869
1025 757
1679 714
1034 1026
1956 1715
2751 1558
198 35
887 120
1730 35
2770 2708
1303 559
1859 431
2752 2048
587 12
2005 1910
273 119
1506 1119
2106 343
1504 782
745 645
262 261
1480 139
1788 1312
2819 431
2620 2378
2551 2000
2538 403
173 83
1490 624
2262 707
1590 896
2739 286
2874 2782
1387 1077
1948 95
1553 1222
2890 2040
2422 1704
1924 761
1236 795
2142 1930
2562 2348
1662 360
2784 2283
128 70
2679 1303
2502 1856
2623 2395
551 159
411 170
421 294
1311 582
2722 1448
2286 843
1806 1764
669 348
486 441
1817 527
2583 367
2917 864
1822 349
62 57
1587 873
2663 117
1183 861
147 31
2913 1422
237 81
1574 1349
1020 527
1585 378
1104 1000
511 483
525 75
2080 442
1864 246
2761 2373
2923 656
2386 943
1724 1617
1323 6
1969 1188
2950 1259
1982 1497
2527 659
1116 1097
2518 603
1269 1007
1244 185
370 100
2754 609
732 389
2796 2166
117 65
351 21
819 142
2078 1277
2047 1597
2304 1137
2154 2041
2770 2093
1330 1154
38 1
2052 987
1414 1155
278 268
625 90
2538 2164
2332 407
1467 1459
2123 99
577 491
2240 2114
808 205
2571 1811
2324 901
311 209
1044 496
1902 772
175 136
584 572
907 453
301 141
1365 1051
2458 1282
834 495
339 254
1716 1559
679 297
2341 2181
437 380
1795 930
1627 1321
1947 1614
1680 1030
2842 1644
1806 26
1902 1418
980 365
235 97
1303 1072
2147 529
1401 99
2460 1773
679 668
233 108
2557 1522
250 97
2176 1570
1888 1732
774 307
209 45
433 86
2525 455
2699 2138
1564 247
2170 1515
607 86
459 242
1910 1333
251 231
2450 1917
1254 819
255 158
2022 1440
2254 378
2962 52
535 371
2310 1413
1474 836
471 464
2566 155
2212 1465
2172 914
610 107
623 576
1755 973
2691 1468
1108 798
107 6
376 265
1095 971
314 291
368 247
649 538
483 400
2836 1504
927 621
858 728
1109 429
1170 71
198 81
2451 2281
2427 414
1654 1165
399 69
1305 210
1731 1211
1197 977
2413 1938
1834 1688
1497 180
2442 1137
1391 1023
1397 496
186 55
489 243
1304 551
2975 2926
1336 1024
958 96
2327 813
1296 1292
2147 718
2316 2228
764 533
1945 1520
2273 113
393 254
2144 2072
544 356
2553 1229
2246 1813
2142 1176
457 238
1279 277
1823 1571
2832 1315
2498 889
2494 1423
1684 570
2176 529
1669 744
372 164
1487 115
1010 437
1551 98
810 91
1859 859
2768 56
864 283
1251 310
924 41
2019 1839
299 245
2005 1274
143 93
2640 291
710 93
1452 166
2357 405
2755 2137
969 917
612 446
1142 458
2300 555
793 337
527 345
1994 1094
1401 617
2722 2487
1479 440
2010 209
747 306
2420 279
836 832
1196 772
2893 2888
652 352
2362 881
2963 436
1280 739
1682 507
2063 1002
1250 63
863 771
2362 593
1072 718
2807 2775
2218 1315
752 703
23 23
345 243
1595 1067
2230 1823
1349 1291
2880 1160
601 391
1497 831
578 196
518 24
1530 1403
2929 2737
265 242
935 170
1007 93
2573 1486
204 124
763 724
2298 1241
2552 1532
105 25
2101 2003
2862 1696
527 93
2016 51
2147 423
363 150
410 244
231 97
1449 815
173 133
1699 1482
36 33
474 425
671 448
2765 2548
1280 602
1817 542
1464 732
613 442
193 91
846 817
2940 2288
533 14
181 23
119 116
2965 80
2205 2013
982 750
101 81
436 87
2959 2585
1001 48
902 368
2142 2131
1464 1299
2572 242
1244 845
718 690
1419 885
996 535
1027 428
652 231
1354 1037
2201 1037
2010 864
401 355
2099 680
266 211
1049 720
326 210
409 211
2152 640
2854 2071
1507 864
281 257
271 91
2132 1180
2836 1820
862 319
116 60
1318 702
1301 969
1407 652
524 17
2364 316
2690 979
1428 971
1101 719
961 772
1582 291
710 372
1296 999
678 181
523 31
1176 564
2282 2064
2537 2417
2914 1206
20 15
1279 419
2584 94
1025 198
417 225
564 282
1237 14
2882 269
2112 786
1475 1210
2347 1418
2580 216
2695 72
2917 1540
670 111
167 129
2332 802
1781 990
2878 488
1878 1525
1494 548
2715 875
2422 2284
2599 1381
1320 319
2820 1454
2473 1775
958 141
2902 2613
655 96
137 23
493 69
2399 1929
535 167
1647 249
562 432
514 513
1153 332
2007 1315
2921 461
118 11
1692 640
613 370
1629 172
1284 661
1508 1298
894 404
458 408
1648 1441
2625 868
1211 1169
2113 630
1374 588
2719 1543
1672 1614
704 651
2071 711
1814 639
1153 72
2657 2439
741 649
1608 790
621 381
197 180
2380 1579
1341 751
2393 1508
514 433
946 629
1586 441
1643 814
2679 107
1556 30
1323 136
1527 1215
449 350
1176 336
1087 802
414 79
694 219
1772 703
2610 2575
876 368
1366 672
31 30
486 233
1793 1483
723 547
45 12
1202 147
87 37
2006 224
538 148
849 695
1117 794
606 63
121 95
2975 1111
2321 33
182 152
786 463
1148 428
1800 14
1518 1289
1548 125
1573 645
2756 2535
1052 588
2967 492
1705 1111
1523 1251
1256 1116
863 175
2701 2010
849 23
727 431
143 134
961 293
1356 1132
64 28
2382 1505
1869 1175
2425 29
990 278
2589 1406
1462 1073
1840 629
24 7
456 426
858 459
1622 1242
1692 697
2782 1352
1251 210
2246 1956
973 42
1648 1547
1004 238
673 370
439 241
2853 400
2501 165
1091 445
1110 7277 10807 16916 45153 57423 60440 92676 94934 96840
3000 3000
893 650
956 879
307 103
2486 622
2584 147
1743 1027
2083 586
1392 880
2027 1376
2768 2253
12 2
2394 452
497 71
309 156
1094 170
1081 853
1328 776
613 461
2286 1529
2202 30
2278 702
1805 1336
1622 162
2894 629
863 103
2697 1729
3000 2501
2866 1843
2471 488
221 81
912 78
1756 1179
630 232
264 233
406 309
1217 163
2723 2148
2414 1712
628 302
2358 1541
2852 1175
1699 937
181 53
1863 1242
2450 874
1801 1311
601 148
346 141
1140 222
828 86
1060 767
1169 853
1875 484
284 25
1937 1228
1807 1729
1005 728
2136 1081
1251 266
376 314
490 280
1891 686
605 99
1924 436
2447 1672
322 272
1085 956
2583 956
2053 356
489 260
1459 531
286 75
1283 1012
1161 929
944 648
1629 1373
2426 841
619 244
1795 1194
2782 1160
905 737
1583 1389
708 411
2595 979
2525 1779
2818 542
1835 967
1138 938
427 41
1442 556
2808 2275
249 233
2286 1319
88 67
1146 672
1259 43
2446 1641
1980 565
1269 523
359 337
2548 1512
265 191
2805 2223
415 160
2624 1933
2908 2090
684 85
1522 1331
1821 480
2225 1556
595 126
2287 246
2737 2022
2492 1813
2550 215
1450 927
1702 221
410 13
466 148
179 174
999 495
1513 1283
992 114
1870 834
489 253
622 381
2676 658
1382 1174
81 12
366 137
1368 420
1499 1148
1214 256
310 118
2781 1809
988 284
1205 71
1890 1415
2872 1232
1970 48
980 89
1595 794
705 670
652 367
1069 439
2206 1367
1955 1458
1947 1785
987 891
2714 1159
2853 1692
315 7
2298 1048
2719 82
1297 964
2939 1180
1726 174
177 129
2598 1769
1013 977
186 37
1985 1632
2833 2414
1088 21
1983 1060
2911 1449
1685 115
51 8
193 100
1395 1285
2413 56
2961 2575
580 509
1039 807
812 266
793 694
2933 1306
2296 803
1158 275
2749 1844
2863 312
2990 2842
7 4
765 124
1689 1233
2727 646
772 358
2650 2017
1623 705
2412 944
670 557
2370 2313
190 168
984 762
2227 1469
2387 1887
458 438
1875 1147
2515 171
1127 456
957 750
761 607
1337 1043
2981 615
2734 1644
2844 1459
1276 1077
438 307
1198 474
174 44
2648 2340
1599 939
2042 995
758 229
1710 506
1923 1209
682 42
2973 2174
1157 821
1331 1103
1546 257
118 96
8 5
2665 1744
706 103
70 64
247 184
2871 295
2691 1687
1576 1067
2444 2038
663 60
1766 1374
2413 752
2372 706
284 215
1542 316
1792 1546
2488 1555
1672 383
1107 123
1967 1915
502 107
913 394
317 202
2100 843
2407 2330
2769 1469
768 189
2018 1655
483 426
1121 823
1415 7
463 244
1516 821
2010 230
2021 1306
1722 522
1205 818
29 7
966 326
1153 686
2076 145
2043 128
2120 489
679 539
1260 1163
1713 1104
123 118
1350 481
2028 1672
1459 1222
1306 609
1641 237
2166 282
1782 1600
1444 29
338 229
87 21
1091 108
1845 877
2444 333
2532 12
476 167
2823 792
2830 947
934 500
647 99
1832 1195
505 341
91 22
2034 1568
618 159
626 444
2561 1199
2123 1425
1869 623
2010 1697
1994 464
2242 42
797 597
2645 2093
2218 88
1938 626
68 58
2448 303
1212 983
2413 2169
1910 1428
33 18
2626 959
2476 2247
525 438
752 74
541 399
1142 86
2246 301
628 24
2480 2012
1252 1181
1388 270
2475 1258
1405 536
948 534
440 149
2922 1601
897 687
832 289
350 193
2150 1911
2270 133
77 73
411 348
2788 973
1969 716
1676 59
738 304
1380 184
26 13
2971 2761
1334 453
2997 2653
949 305
1137 107
1698 1162
2315 1965
656 305
858 700
1081 364
2373 353
627 181
2038 1479
388 211
1470 378
2415 2108
1563 1404
2448 1332
1463 532
2066 2042
168 163
989 907
1130 655
1559 549
2609 443
1788 1172
816 234
2953 2128
1199 1164
1607 800
869 426
2866 63
368 130
805 97
188 104
1606 1232
1184 274
566 31
1080 1005
2793 326
1194 224
2455 2070
140 108
2992 2593
2763 1183
1282 343
792 731
2980 1041
2692 624
979 570
1370 1317
1581 1432
833 713
910 696
1341 367
2523 1545
1045 353
2304 805
1350 877
2179 1702
421 375
1126 231
1793 1322
2816 1450
2824 2707
150 77
360 44
1591 735
2209 1903
1595 972
1974 756
1024 482
2068 826
2743 64
1861 798
1162 1082
1702 1251
463 321
2006 915
2090 137
1758 1479
1890 154
1159 454
1096 832
1097 257
1152 959
2416 2083
1404 417
604 484
680 511
37 2
1359 488
1253 779
2272 1389
2416 247
1142 850
2577 220
2362 176
1559 215
1030 858
1925 330
351 128
2331 96
2379 2203
2767 434
1739 1297
627 435
2864 1049
1431 94
2403 1209
2934 1977
286 262
559 265
2325 750
2923 296
1013 302
2962 1447
1571 427
1758 709
1167 339
593 360
5 2
1249 606
2572 2492
1029 102
2823 1897
2434 2404
717 182
1314 628
1887 152
1850 1615
531 462
1770 68
1240 916
1715 21
1865 1800
2374 1863
1710 1643
1041 168
1327 250
698 494
1219 1027
2531 2043
364 279
2741 2086
934 168
2659 2249
1696 1068
309 111
183 41
973 201
436 431
435 424
1493 1110
2057 1364
1725 825
228 87
1614 1064
1036 874
2995 1976
1229 794
1549 103
248 49
1832 151
825 514
2896 2794
693 692
20 8
1823 176
1363 410
1754 402
1679 827
2123 195
2839 350
2857 2148
1290 1164
2904 1062
2920 900
2224 2167
1712 429
839 802
2572 1726
2520 1931
1881 556
2164 528
427 394
1457 240
2279 1422
2048 802
50 40
2983 1907
1874 1169
2272 376
1532 55
1551 371
2532 2337
848 304
24 13
2282 1504
942 371
2058 1183
1899 691
2777 201
1029 155
2820 298
2201 747
709 249
1973 1820
833 816
1381 918
909 676
2534 975
2525 1982
1932 1227
73 70
324 243
882 866
2960 2505
1408 201
1588 1382
2518 1630
1589 936
1016 70
843 792
1432 1125
1488 357
490 463
2772 2712
477 329
444 289
1039 439
1030 914
455 337
1565 425
1259 75
1652 1137
1314 645
468 437
1993 1320
1844 1730
933 763
1483 1022
2840 228
2488 2212
1562 1395
2045 1449
926 157
373 367
917 328
507 37
171 45
1759 681
1989 1727
1686 1097
1481 262
2089 124
2692 1265
2424 1675
707 507
195 57
2202 1572
1272 1056
2595 795
186 133
1227 500
2183 1237
171 22
2913 623
2221 503
2463 1651
190 66
1122 1088
63 47
309 13
1996 1008
148 38
374 64
371 360
1180 199
1699 1265
1645 1517
1305 1035
5 3
1659 316
2387 1324
126 23
2262 2054
1746 1708
1043 867
737 366
1400 212
2227 1248
1745 1323
151 143
80 47
370 120
955 761
2771 2069
2485 790
2773 2697
2802 2037
2711 1604
2747 211
782 390
2792 1623
2740 1823
2484 1889
1738 1693
1231 1131
274 146
1393 856
285 260
2522 1510
1083 578
1255 566
1092 1032
180 44
2883 2533
2546 84
1287 1223
2952 2784
2949 1615
1815 1011
1765 1466
1770 575
49 6
1923 461
803 109
34 30
2067 2006
286 44
207 169
170 168
995 659
65 10
1927 127
2466 1727
1588 1342
1978 698
1085 141
500 135
1672 1191
2427 554
1119 431
852 327
2546 2113
1018 375
413 99
174 88
2121 1261
2098 705
2916 612
592 318
2424 517
2354 888
2955 1749
2705 457
2365 1594
1403 611
1469 138
2659 1431
683 495
2399 799
1277 492
2476 990
428 396
2682 1025
2174 885
685 328
781 500
1063 875
2237 2050
2327 967
2151 197
1166 568
1058 332
790 80
1157 914
2575 1885
2939 215
132 92
341 116
1431 612
1934 891
607 234
2039 27
158 74
745 145
1075 9
1065 400
127 56
2966 2503
2841 1881
390 382
1092 843
656 487
1561 677
2056 1784
1413 1320
98 75
385 324
1894 389
272 219
524 272
779 468
2856 2784
2973 330
503 133
1083 797
324 239
165 132
1072 560
2578 1511
2060 1667
365 117
327 143
2045 971
1074 839
2772 2327
1464 1193
1403 546
1800 1072
994 894
1072 744
1135 1070
1755 1418
2641 1396
835 806
1934 1632
1807 538
2540 836
1410 570
681 37
125 93
986 925
2087 60
1449 904
980 482
710 654
1704 460
1513 453
1425 620
1632 796
2774 378
1002 572
1029 766
2592 1182
2059 1684
1551 98
2997 1893
2537 1234
1383 387
2582 782
1490 168
2987 174
2836 2494
784 592
1103 461
2765 597
305 266
1550 1475
2967 63
712 242
359 256
1927 1297
1819 32
1 1
1632 1212
726 227
2707 1594
2604 1485
180 146
2550 254
2157 1950
1554 1295
1152 1115
34 23
2075 1292
2017 1887
1594 34
1565 1238
2216 766
2926 386
722 12
2823 690
1921 849
941 109
2802 836
2452 1799
227 164
1332 923
2184 1565
2393 1737
1085 523
188 87
2679 1439
382 207
1770 562
696 577
603 424
1116 373
2241 1857
216 34
2893 429
1373 640
2878 2592
2727 2710
573 476
1680 902
1718 419
1175 466
732 442
865 459
859 631
2053 1141
922 402
957 363
1335 253
1673 1335
2021 1813
2894 2649
1017 367
2075 1978
2330 175
712 172
2493 1438
1993 1026
159 91
2259 162
2558 1022
1392 537
2970 543
214 202
862 87
2724 1976
19 8
1619 1091
2085 941
941 559
591 220
2126 1583
937 585
2320 1774
903 696
1861 591
2578 2550
572 399
2851 2343
2816 215
1708 834
112 95
1082 398
2398 1115
67 47
1661 29
1960 1383
698 360
1367 178
2683 1881
1653 786
1185 1080
811 727
2535 1439
817 79
51 42
1225 201
2877 2117
642 638
2434 1690
2826 1583
1622 68
156 76
2269 694
2725 2174
2360 128
2494 1740
2200 1682
690 299
617 200
641 594
2767 951
149 9
2534 1262
2654 338
1220 156
2726 1151
2084 203
246 17
361 115
1461 1347
65 64
919 5
1741 865
667 424
704 539
292 5
1583 1275
1110 536
1658 228
2855 1406
1715 1575
137 119
365 108
2868 845
2772 410
1943 564
219 154
851 617
2764 1447
766 241
92 5
1233 1170
751 267
365 353
2089 350
2711 173
1494 619
2211 1856
2795 2278
1757 970
1422 1378
2165 1445
1807 953
1029 285
1020 658
1145 157
580 173
799 421
1851 552
2227 1694
5 3
2302 1813
281 222
205 190
1869 784
2175 1663
8 6
1249 49
1145 116
2282 471
813 402
86 16
1911 133
1314 1143
871 166
665 523
2835 303
1057 527
261 109
1187 663
1755 46
625 3
2555 1374
2614 2270
2294 1455
2136 1520
1050 270
1374 1295
486 462
283 68
231 11
680 476
755 530
2559 922
2415 1030
1776 528
1300 732
2338 803
1417 1220
537 99
927 53
2537 2302
1660 360
2631 195
2539 2072
2382 1311
1796 500
2091 654
2519 2353
2795 1582
479 36
1759 867
1490 693
1374 1105
1678 1631
2664 1861
259 65
2316 1703
1099 641
1365 769
1493 1246
450 301
926 179
2887 2291
2669 381
1547 497
285 26
35 31
1166 176
783 360
727 332
1059 231
788 178
1124 439
233 92
2207 1648
911 471
1381 1253
1900 1531
2946 213
1677 1434
2001 1456
2157 1049
2029 1293
814 743
2931 1588
1398 698
2066 264
2506 459
2222 1160
2306 1793
463 259
2306 970
1137 449
899 436
2831 1999
2719 1704
1133 207
2120 836
2566 2185
1790 33
736 223
67 59
2546 1419
2310 1100
642 202
708 313
570 409
788 28
1277 963
1765 1013
2032 554
118 15
552 473
401 187
2601 815
1186 41
869 89
761 296
706 84
678 539
392 335
1140 354
1036 735
1632 998
2392 72
2705 1563
1146 101
1432 7
2548 2457
1109 653
2245 1589
1112 314
1450 1032
2685 234
575 83
217 183
2206 1371
804 729
2732 1194
1475 263
1411 908
1044 717
408 103
755 141
2644 1295
83 14
1056 293
2823 2419
2004 313
248 52
2241 1219
884 696
2917 1619
2833 1494
1188 589
2163 1875
831 207
1344 1296
2320 442
217 51
2259 1532
608 227
200 45
2537 1890
2618 2111
759 593
1215 707
794 456
2940 2861
455 251
75 72
1833 1090
1035 466
785 79
1189 787
2657 1417
829 761
2789 813
2878 1162
2393 432
1103 741
1014 390
1999 310
1729 412
769 53
402 113
996 717
744 353
858 303
2787 1250
292 226
1609 799
1575 878
679 665
2279 631
1569 1032
1113 828
1624 362
2408 407
2402 1930
2158 2149
2948 2276
1409 633
1546 839
2707 2372
396 19
1771 1571
1563 386
2199 2009
2937 2920
2592 568
62 39
2651 1989
2386 1012
1965 1965
628 228
209 123
825 90
1250 1230
418 64
1046 629
1709 1361
2672 2509
892 406
520 410
2677 127
2412 2026
2485 1121
2953 1995
684 202
2390 2187
2872 2857
1028 528
2367 1465
976 657
2412 1190
98 24
692 351
180 31
2767 2552
1749 1529
2965 798
564 27
1218 263
2857 2007
2202 1553
2276 1648
2346 609
15 1
2198 999
1605 1204
1009 927
509 282
1199 7
1032 465
151 133
2581 934
1079 234
1515 994
872 152
2449 2448
1149 584
347 173
1717 1513
2250 218
261 184
1221 331
1040 550
2618 350
445 4
1879 1485
2813 2067
2129 1348
1662 1155
2781 1497
2214 122
785 699
2045 1593
2903 1838
63 11
2767 2517
1803 829
1411 17
652 161
2267 2006
28 3
1396 220
782 299
1836 539
658 180
836 357
109 103
2178 1580
2272 1155
191 182
306 166
2981 451
2086 709
1383 181
2142 1429
282 79
716 504
712 633
1329 304
2174 1280
749 127
1061 585
1798 1249
2279 444
2116 953
683 227
617 216
1451 199
1669 435
1600 300
2737 2664
1790 279
1071 122
467 70
2854 415
1941 341
1617 456
1067 45
2584 1184
1103 903
2559 1388
1268 773
2377 1727
2925 562
643 176
2877 2414
1258 1241
2838 2459
1549 938
2158 185
818 89
2532 719
1643 842
41 5
2940 2722
2715 2512
689 580
2868 1986
2737 2328
909 424
371 115
42 14
369 343
1073 585
2346 2180
2902 99
2332 1740
1386 789
1373 201
1998 661
264 76
410 398
2743 1792
870 564
2702 400
2037 261
1855 1241
2308 1380
1129 223
1571 1392
2135 1746
1856 1825
865 53
2994 1312
2131 539
753 52
2049 774
2295 2214
1609 108
2513 118
1044 873
1971 50
608 562
1959 16
654 446
1329 580
1911 646
142 63
1804 312
2366 62
1379 1168
1455 660
1888 1344
2206 1901
1597 508
204 200
1260 1010
2558 1980
597 178
2641 2121
1172 516
2093 1499
846 142
333 60
2620 2233
489 70
402 148
1526 1280
2053 1198
2439 2051
312 76
985 548
176 85
844 134
1845 1445
2390 861
2341 2197
1218 136
1141 338
1643 1110
99 37
2665 518
490 50
2952 2482
2236 473
82 9
1813 1068
669 664
666 202
8 4
728 546
1636 698
2022 1121
2557 2458
2084 653
1836 691
631 56
2874 1896
858 783
1633 1040
1055 800
2816 2568
519 329
1187 276
2646 857
1471 920
1465 846
1215 266
415 86
1762 1672
1294 476
1106 271
2168 1907
385 182
2736 400
2144 775
2788 171
1591 149
2116 912
1172 146
1489 194
105 37
1782 969
1748 795
708 225
59 25
2273 1959
518 78
655 273
2890 1272
330 125
510 140
2252 1817
388 343
2049 2024
730 204
422 52
59 12
748 353
2576 2277
2902 2792
2471 881
2287 1028
123 12
1203 628
66 4
2454 2401
2324 603
1108 653
768 66
2626 2532
1518 821
1786 57
2082 681
903 885
391 200
1711 395
1586 1463
2001 942
365 291
1506 833
2344 1566
2346 1524
267 28
1792 300
2190 1490
368 368
1106 85
2252 2060
1371 983
1755 1212
846 741
901 580
1523 576
53 10
103 68
1428 753
1327 491
681 215
819 142
74 36
2768 137
2961 2901
359 183
1174 414
1770 1530
1481 203
730 231
277 107
369 95
763 448
611 215
12 4
2116 1403
2077 1720
2849 467
598 63
1086 403
2927 14
762 299
1658 535
2660 2474
523 133
1402 1395
1008 367
1726 1135
2433 1367
350 301
1155 520
1585 442
2941 1348
552 301
649 155
2868 418
1 1
2558 733
148 104
2714 1554
1836 696
2588 641
2148 1346
1765 229
1094 770
449 304
2696 1805
2323 1275
1498 720
2642 2082
2251 964
1460 217
1935 276
586 535
2994 2790
1633 1187
1275 1227
482 378
1427 883
2646 873
1656 809
2350 779
1915 1724
1694 240
1713 752
1274 773
2522 2116
2166 158
1784 1466
2026 1872
447 414
704 423
6 2
1821 1001
802 588
574 499
17 11
2214 1835
2716 2510
2479 1612
780 641
2311 118
1539 1328
457 395
2951 82
1587 1574
1722 79
650 139
205 77
2555 988
645 63
1266 403
1333 247
2077 655
105 73
1928 597
2562 1108
2123 2123
2467 1770
2443 1251
1198 1046
2537 2095
1693 769
429 338
2296 2046
2601 918
1336 700
275 245
2541 1343
919 777
2834 1486
2367 544
2414 1221
2379 1291
1299 647
1138 134
1328 1044
1497 197
2945 406
1587 720
686 171
1124 358
915 764
2946 1554
1356 601
2385 569
297 87
573 337
2482 2172
2083 1600
1094 280
1269 453
2785 298
290 239
2351 771
960 472
2360 294
2823 161
447 376
2647 891
1619 1484
2492 649
2781 2411
1069 885
192 24
1656 748
1871 847
1402 1215
2775 1346
2781 867
226 175
2185 1848
1433 970
1530 1444
2501 1785
2639 291
2973 557
2745 1674
1512 224
680 86
2320 1576
1669 1197
2943 2636
714 291
2406 2335
862 752
1617 149
2311 658
79 34
1822 1173
670 470
2547 1529
2751 1147
9 5
2473 2227
2872 127
543 466
2211 1853
2800 1151
838 826
1619 890
2552 2070
1206 396
146 41
1283 834
2342 1675
1235 406
2376 713
1157 732
1302 683
161 6
1180 408
2545 2203
2425 489
2988 2288
1820 931
2724 946
38 2
2901 2842
2055 1972
1341 1319
892 448
1598 175
336 72
1809 697
1073 641
528 11
1445 928
1249 289
1866 574
648 485
160 78
1935 1600
2349 1588
1715 1104
28 27
942 371
2716 966
761 267
1042 283
839 364
841 715
189 80
968 599
955 592
677 346
1394 936
964 472
710 222
612 208
811 234
409 108
664 45
2338 1409
2723 52
8 8
1779 979
2642 1680
829 726
2984 179
1971 1347
2026 1670
2255 680
2829 2090
1456 253
1451 294
2680 1182
2620 1737
1973 66
1504 231
2180 1480
2679 422
1433 922
1102 144
951 838
1801 1217
1071 476
1715 1611
1692 420
1379 1354
1511 872
388 292
408 22
2209 805
1688 1378
699 597
2837 631
2276 2211
2016 17
1373 631
1540 443
678 223
868 637
2029 1489
1598 1359
2593 1629
2647 1457
2667 676
1079 618
2586 752
1397 478
1336 1284
1926 500
934 191
372 62
2184 1856
1535 335
1141 84
2561 2021
1590 158
2288 268
2426 931
2996 1300
1036 872
2242 1855
468 153
1380 981
2518 2465
2206 1563
892 627
2322 853
2207 1922
280 192
2558 1414
877 276
2209 1825
59 24
546 52
1080 733
1020 322
2509 835
231 174
2055 751
1326 410
504 478
2056 600
2467 2398
2916 2616
232 118
1989 1621
1779 1400
1108 743
1827 1389
1011 967
985 945
1874 1421
493 353
2217 1723
1482 1359
1347 120
2265 854
985 572
20 18
1522 685
1484 1222
46 41
1490 1043
290 216
1471 533
586 571
2277 472
1618 597
1147 896
187 168
1943 1177
1621 393
841 560
346 247
1941 1251
1868 1858
2648 160
833 670
2762 2600
1746 185
1882 1842
2054 1821
388 154
799 326
83 75
617 457
1277 556
1821 1259
1048 1023
1255 118
2535 333
1084 445
1211 103
1474 162
2767 1671
2172 1273
2471 1951
170 79
919 584
625 359
964 902
54 14
1475 827
1469 1192
1039 445
1662 622
604 220
2842 2558
1909 1229
560 237
1937 285
605 15
1786 65
2418 1777
2761 325
2816 2064
770 238
256 81
395 97
153 153
2030 678
464 57
2998 2504
2508 1200
454 430
2283 1522
1830 531
1522 84
2487 2250
2601 2090
2249 1861
1616 727
67 54
2231 1736
2558 1217
1654 1088
2796 2010
1048 88
1305 245
658 113
775 267
1324 762
1962 187
1768 1747
2848 259
339 171
858 663
1390 1160
1931 325
936 488
1331 560
845 760
1050 839
1994 1554
1249 726
2450 759
2872 2145
483 249
1072 992
2594 298
2577 170
2568 1436
2867 1007
843 53
1410 1012
721 365
1573 610
1699 861
2888 1046
1024 962
1841 1034
2281 659
178 98
1690 307
1547 1515
2748 263
1315 350
2140 230
475 283
1696 626
90 4
158 133
937 871
2517 67
2898 1820
32 28
657 76
2472 1837
2162 1736
442 433
1134 999
196 23
1220 379
2023 958
1557 975
1571 843
2131 664
1888 1610
911 897
1454 841
1599 1346
1671 1194
1362 305
1120 356
1998 1925
2901 2763
1764 1328
2091 1084
2954 652
759 473
464 274
294 52
2950 2136
2144 1853
2549 2345
846 27
258 219
1799 629
742 502
2544 1500
2627 578
2217 1916
2207 1470
32 7
270 174
2710 2297
1285 931
106 40
1434 1189
1139 397
922 624
687 547
2850 2402
1602 516
224 92
1033 420
839 12
2625 1699
402 173
2431 2220
964 191
811 498
993 455
2092 1515
130 78
2869 1723
1926 70
618 282
1870 404
2319 569
2376 1870
2997 1028
679 155
1756 213
1764 92
2195 858
495 344
698 591
2215 792
2378 2272
2563 1050
1618 505
980 337
1731 942
2377 1803
1664 571
244 40
2958 838
889 145
826 56
1776 366
997 819
590 283
1958 1632
897 107
2581 311
2345 2207
2719 1239
2357 2066
2257 1772
2960 2372
683 66
2954 1737
2146 673
59 51
138 29
1719 1206
1411 531
1365 155
1998 1785
368 88
1937 1324
1117 711
768 475
1306 411
646 415
2596 1665
2680 2248
691 543
1225 252
1781 1215
603 159
567 375
2498 707
977 321
502 360
407 256
1020 205
1081 669
91 54
275 196
966 961
2741 1869
226 110
2567 1370
254 163
327 72
2719 890
2816 2034
255 173
1876 1245
1290 483
1690 637
2830 962
2379 258
2247 1579
1495 72
400 89
2284 314
1447 601
2510 704
87 22
186 163
1662 1008
709 243
2504 2124
1351 454
2917 1836
1226 1012
1761 1128
2727 400
2788 2676
2538 748
2185 770
5 2
2371 658
2048 576
2947 1218
2729 1784
2356 1742
949 802
1568 656
2990 1983
661 513
2719 204
2719 1392
1004 806
1833 1148
1886 99
1657 1305
2436 1793
542 325
805 729
2036 1898
346 97
1838 107
621 308
2426 936
801 359
2834 719
2087 671
1470 757
1264 784
2385 1539
301 189
711 141
25 25
2021 420
1825 275
1135 281
2733 2191
107 22
1043 472
2097 889
999 826
171 140
2540 573
144 128
1614 162
2957 2306
2424 779
2924 1264
2610 637
1680 501
1657 1352
2524 1048
44 41
1911 1129
2289 1139
2088 762
1160 832
835 577
2126 1011
1974 162
424 209
2134 320
884 613
1568 1190
1873 384
2621 542
195 96
1223 435
1510 17
1225 49
236 181
288 204
2564 1440
625 402
2507 1999
1748 328
322 180
2467 2298
98 88
871 428
75 5
1037 816
2547 124
438 351
1792 1686
1111 838
1144 815
1903 952
939 910
327 188
783 735
1509 787
291 264
1467 1214
1104 844
46 34
1128 868
1707 1250
263 56
2158 236
2811 2808
1183 908
847 69
1626 349
135 14
2304 2044
2489 431
665 526
1123 492
495 64
881 563
686 201
1240 291
979 943
1647 1472
1114 847
1737 1322
46 6
1232 192
327 279
1179 1097
1093 896
1625 876
1367 400
1008 105
2597 1428
1203 829
201 18
1791 189
1960 544
1924 1500
2743 965
823 185
2304 948
979 498
1910 8
2212 1194
252 224
1759 579
74 22
2747 775
291 16
56 35
2008 628
2959 844
354 48
1637 45
2514 470
2874 1882
1856 1552
1992 1462
1272 1
1908 561
1052 636
1095 391
2501 2117
446 257
724 436
1771 724
2238 1739
1959 11
2318 1600
2366 1961
818 617
1750 1626
1819 876
2224 919
2808 196
1611 410
512 141
2578 1073
2232 923
833 37
987 869
1883 1262
2439 522
115 54
2169 977
1332 873
1761 647
1281 828
1401 1356
461 341
2178 147
2107 2041
390 194
2710 396
2809 1360
2527 1819
2970 2055
1493 972
457 128
1618 696
255 51
2683 2229
2625 1763
1003 312
2282 131
40 15
267 183
351 39
475 228
2018 1806
2175 267
2910 808
2693 1008
1847 1761
970 742
1016 320
2049 1631
299 139
1845 783
1725 608
985 15
506 106
732 342
1091 1083
243 139
2438 1102
2958 1304
206 80
1656 335
2494 2275
2124 960
1547 26
1253 604
1444 917
1459 1121
1986 1771
32 14
496 62
2261 876
1191 284
2275 823
2148 683
859 204
2884 2863
641 357
241 97
1764 219
1180 964
2060 57
1595 1062
2517 783
1161 183
1261 290
2753 369
1088 228
1483 698
1716 301
2847 1190
64 37
2564 28
1785 543
465 208
1283 1044
2211 717
1280 1151
171 51
2270 1761
2049 1470
1794 1215
2328 1267
1926 154
1031 627
1487 928
1942 1153
1348 856
2479 1773
2155 1163
91 40
2680 1300
1384 857
862 185
2723 1678
2644 555
2980 1215
2021 1066
814 674
608 523
1176 130
256 159
1019 83
470 416
780 350
132 22
1085 545
1583 318
57 18
2925 2602
2893 1144
1925 1033
2330 1632
161 31
2777 787
2790 1257
2933 1789
1610 117
2592 154
1871 552
2618 2101
340 261
1871 236
2875 2764
1656 1199
357 200
1987 572
2854 479
2510 2220
270 49
2235 470
325 257
2312 478
1277 1256
2349 1090
2253 892
2995 1367
724 359
1470 542
2529 357
1050 469
2095 1368
2282 1877
1790 387
1325 582
1141 125
622 267
388 322
2872 2334
216 22
1558 26
71 30
1375 1068
2414 2000
1107 753
2080 331
2625 896
2888 907
2001 1931
2929 324
1795 693
2578 1291
1278 1064
975 789
744 419
1105 655
1301 964
2008 860
2772 137
2639 337
468 136
461 26
1291 1196
220 50
406 126
527 287
520 296
118 17
2040 240
1677 1022
723 578
106 8
2364 1778
2453 1995
2892 1009
1062 1025
1429 295
2850 2701
2235 163
742 663
2841 1510
2493 1865
507 442
992 784
2858 2583
1485 710
1607 1390
2064 1306
137 40
626 186
422 406
1430 1424
912 229
1391 690
2937 2860
2330 2091
844 498
1079 885
1382 510
2245 1513
1721 537
2228 1719
2626 918
2990 696
314 201
1141 500
2136 1365
2821 1081
2580 1727
257 225
1554 634
1211 573
2585 533
1744 1317
1735 647
2630 1184
786 295
142 37
823 316
2900 1042
1460 43
959 652
2799 1587
2617 1478
1223 970
2082 1507
94 30
526 113
731 91
831 481
636 112
2728 832
227 220
2272 531
1905 228
578 397
2613 1908
1303 714
1727 968
974 334
326 236
1367 1200
1599 1410
2 2
2627 1377
1797 423
1073 1007
2569 1550
2222 1576
783 593
1209 665
2128 1806
1639 558
1387 454
272 51
2263 466
2211 1812
2763 1526
2087 832
1252 801
653 457
2102 376
1668 1139
2457 1515
1563 367
587 571
2703 2636
685 88
101 65
1636 1610
2971 765
676 299
2864 1902
1631 589
2369 2278
1871 421
703 687
1681 1474
1299 223
339 146
2482 806
982 335
961 427
1449 276
2673 281
1430 118
2224 353
493 454
1654 1491
2202 1625
2113 386
1570 350
2614 1292
2632 174
642 218
123 105
268 135
864 655
264 125
1526 1458
2009 1904
111 40
2932 2029
1456 1049
1260 900
1597 1574
1395 314
339 102
1345 900
292 225
1263 446
80 6
1503 158
1749 869
786 383
2493 575
1235 673
1452 68
782 410
2573 2133
421 320
2368 1814
827 358
2910 1242
955 385
418 270
1449 415
1397 677
81 5
1652 173
1861 1474
2763 2412
112 64
2589 1740
2320 2064
2645 311
543 421
1142 614
1336 101
2421 1682
881 732
2866 1591
2802 2464
1934 782
2632 1921
743 38
2465 1973
822 165
1567 1266
928 927
672 61
316 64
1553 1412
905 281
1355 326
1385 794
2866 39
1249 722
1336 960
497 112
264 78
338 10
1947 622
2032 940
1177 553
1771 1225
2595 1668
2285 1100
2545 1029
1619 1261
39 20
1575 286
626 51
841 377
2598 2479
1169 352
363 53
1359 824
2577 903
1175 1162
1416 144
2694 633
422 129
2344 1352
1968 1208
2932 462
690 517
2171 1148
28 14
2447 103
578 231
1869 982
2066 194
2005 1107
986 692
2991 1348
2216 1593
319 222
169 27
826 262
1287 53
2998 905
2417 2229
1130 995
1635 794
1867 129
1812 721
2999 712
2069 863
2635 2311
1688 575
1008 148
2448 1842
907 62
2580 838
2491 1771
2030 1555
2822 2701
905 549
1988 635
2615 1989
495 18
1519 1241
1665 287
1150 625
2374 880
820 653
877 221
127 15
551 477
344 310
383 140
789 274
2324 1044
2924 1935
1286 824
617 21
909 758
1338 672
845 381
1871 1401
591 510
799 621
1847 846
2102 1726
1504 989
1610 387
2686 1365
2903 2291
703 36
293 218
2371 1727
1255 1252
2777 1808
2807 2524
2923 618
22 8
534 86
2720 2575
1695 1180
327 271
95 78
1174 892
303 103
2316 1318
2126 1297
2870 2160
272 200
509 353
1400 611
1636 275
364 31
62 20
2217 1142
904 197
1699 1352
1967 1334
1328 53
720 340
2102 1841
1055 821
1537 1512
344 323
1090 252
1170 740
1282 1251
2668 1356
1143 892
1994 1068
2091 1967
1023 811
1639 857
1726 628
1258 1191
1260 471
1856 2
2679 1053
2083 1108
2807 1254
440 224
387 346
2162 1184
2749 670
2043 1372
1834 1737
2917 299
1439 1328
981 373
2847 133
317 19
2015 1176
710 399
1409 836
2810 1084
2599 1190
1897 614
2618 1086
1531 727
2048 781
2477 1092
1258 183
1481 766
1134 275
1264 6
1133 109
836 834
10 1
1534 314
2868 2306
1214 105
1045 558
1249 174
2005 549
2961 1798
246 144
838 716
2493 2114
1194 272
1428 429
2687 2166
2931 310
951 866
684 290
2029 1821
367 114
1107 526
1108 148
2270 760
1213 1200
138 136
2733 809
948 465
2051 754
2791 1089
1518 1
828 237
988 264
1647 984
1640 754
1282 212
940 519
1971 507
2390 1179
1804 319
1380 391
102 75
2935 953
2497 2493
2788 2169
1854 396
583 89
2857 107
686 222
745 717
1066 356
2683 2354
2695 2255
2204 308
2667 1505
1865 1566
1000 130
2182 655
1764 918
1423 917
1570 859
2906 1882
860 744
12 4
2811 1620
2656 922
2727 2313
2287 1634
2308 2019
2876 1259
2192 570
1523 583
74 13
1223 422
2555 714
1064 388
2364 61
1480 1262
2950 1330
2703 1503
637 282
1297 671
1463 679
949 834
1189 876
279 195
2888 2841
2327 1084
2788 2018
1723 881
2426 1338
2059 151
1248 901
170 30
171 150
2366 1301
1702 1505
2685 2232
755 461
326 249
2773 1939
1845 1501
718 100
1803 969
1635 1476
1137 358
2332 2062
413 346
2295 2096
740 547
376 126
13 10
2143 2008
315 61
2848 2124
1936 4
417 155
1403 246
843 633
1460 424
1526 21
159 32
1588 607
951 99
461 192
1041 878
2597 1425
1351 434
2047 1293
1581 1356
88 49
2846 2135
2808 817
2717 2016
2942 708
84 44
1789 1600
157 126
2249 1084
1616 112
850 129
312 258
1185 1155
1988 750
1472 223
1442 980
1904 65
451 44
2477 1873
2930 788
1837 1470
926 106
2192 293
945 907
1807 984
110 24
1377 1246
227 127
1842 1760
2356 446
1523 227
2155 1783
2521 852
310 172
2869 2490
2504 2242
2679 1606
1550 155
122 59
1933 1132
2729 2102
2180 148
1672 309
1046 989
1475 106
777 202
1355 403
898 376
1776 282
1250 1236
2737 791
2663 2164
2625 956
2831 1245
2337 292
